5710597
53069104
18307205
85363066
42252186
75761659
80114605
50239490
903483344
10358566
74797626
49509958
16631301
7479928
55102215
32486053
34819445
59616557
5910823
6544249
64994787
78404625
905297429
73043552
63534213
38978460
21277134
66334873
54825910
31296859
8486058
8020178
84365963
64276934
30866916
74101820
40038595
10981522
71824981
43521940
68823758
46622609
40515569
85455060
1586208
43101454
65424783
26405655
50201682
61335608
70433574
15196471
87223903
75731004
88240023
50758118
62193135
57000828
17092993
64502716
88297688
15579053
62522895
72663653
27339657
40873482
4249144
67378253
338674
66074127
58383863
15646103
60180407
8899433
901101165
51766616
89484558
14009619
25655942
39686241
22828897
43573187
54882713
10052802
19304193
90606407
908294591
81497328
47607237
25387585
46000046
35904926
88450308
56006612
56052250
15789967
44363764
50301395
30651890
43702440
63859193
36519424
59348544
24039601
82902528
907933379
23289888
72387087
69426668
6429500
12073330
39739236
40002688
14439714
7275708
906790552
905046122
905570301
35771551
52653360
78441556
29255267
36041957
66891865
85261880
2094207
30165503
77109315
89879273
908301064
68295425
901222138
44820489
75127640
72745409
27723018
30544690
6035298
47593776
71358
39948469
59667107
87194265
79951158
21590492
84469974
86741711
26636615
90040276
22513263
26773645
68481833
252200
10299273
82857369
31997752
49877151
60506543
909107068
39756426
68807607
77402494
88462233
61111767
52530136
61207644
88834786
30558496
57242943
83912233
30529856
44675083
1063011
17724123
24626243
12653504
49677768
58851625
39290120
39718045
28848559
13547436
55683549
28100761
23846709
86024589
60098513
73723861
46531134
69205582
60963957
15338743
4091747
49426192
23934180
4105554
10633838
12768968
24664052
15360452
6681201
902677579
60035536
87744214
67885371
32145450
47881389
17563141
90997075
34655179
904764857
67329305
48202616
907932077
5430066
19532996
3956667
903012251
40740527
40487802
19701504
901704486
903310216
13793253
8614348
27244397
55382478
56731857
87497034
27530200
72092309
31661907
77691449
79611516
66889792
3060491
59240636
14771182
10623633
7721382
49426362
62872160
65050689
45112649
70804237
907964427
64645645
12244576
10976679
905386174
52732379
30678184
54574330
903526265
1955107
53188680
30770663
4821255
909920539
65751368
22351457
29496519
7413276
47526577
56591705
11786739
40587069
15832343
26557922
8694372
61037396
23467955
61566534
26088087
68580605
79854442
34052514
80709921
2099018
2512863
86096096
2315068
23191048
88154097
5841334
62629826
41342779
26611998
57451083
8746987
39847037
27286211
75727177
37260314
74812788
32318884
49047054
62883528
5634897
23088647
61577902
56672295
46556603
23144438
30244052
62620879
50482550
11780237
43330801
42581570
904293102
76910568
34896640
74967820
12548336
30737975
37597647
901374786
904833644
42532401
900121775
44680682
17302282
23332622
29424667
39598741
903135177
25955392
902482271
8770074
49044040
64060174
902926041
43084314
34688283
80653763
53188863
85170834
2434001
44003335
75236075
44210773
68397574
10132716
19178595
80945911
88354361
904259913
82320697
3188006
46792314
29926143
85352359
64094597
53258766
62260696
903693340
56393943
88216089
53659281
902647689
84743799
17719457
53057400
75311784
891410
33711164
28500649
85062245
73628836
72503985
907781992
17839611
88385229
17914709
37018206
69331142
53752741
41278120
51651841
4424418
35554105
81577984
79776778
47132373
82320421
42037476
8309383
86198035
77737236
51968666
88845725
62481037
17171794
89386795
85276491
17063205
23097961
13777142
49609121
44210468
33764797
57391114
62050079
22150028
22789493
46551956
1481171
76542235
35313747
90616682
70966654
70867852
19678338
8227103
18000227
49482430
87748250
16309611
35680466
65485488
15761948
24526193
75450195
32933742
13912990
60726688
49996948
84494621
21987501
47089740
28705090
55752299
904480856
38238840
25385998
74754019
84790797
64350839
51296255
20104546
54967523
69746580
38456069
22129532
67973685
903939966
71611963
55721937
67733247
907292431
68691096
83495196
79302293
44141293
16428940
40698954
904867983
13909559
25193576
26855484
60999300
901382337
30091454
12963826
87104847
55477452
87717846
71895646
19828293
86497772
39483863
22279487
56244354
77939932
44409020
71701710
29363569
63504654
27423649
7096817
70797085
6114745
80592015
7583049
87739709
44504625
38282005
2607692
58414185
10959252
66946847
66897155
12341590
7038302
27344652
446438
425
62546169
18825756
19827720
49043942
58309619
89590877
52771967
83733222
33999899
24473678
13096793
7504553
380997
10193612
15785310
5495744
38269298
13368361
83235454
82773924
51650367
23326818
88671779
62609619
90273666
903052606
22434880
34795640
30397259
69364988
34795066
2943429
35674415
902106457
89471042
41467705
1697334
42243010
25200929
73180904
14200359
85781392
18169129
13581358
43458675
81438109
56560772
29211643
4806471
87279897
11985569
3940508
58090386
48141019
904033799
5847723
51193626
73952349
30643365
29074556
90801008
12922102
69501655
26475424
62512228
58972699
67943130
54209564
48699380
40627729
74874139
62899740
73892792
40526938
23964768
17351468
21965049
28009211
46563112
16771521
15289110
906032352
58195700
73379497
54173371
62229500
69227222
52850668
83665520
47354258
29408894
74466529
60276360
8910550
900941955
22788590
905366921
16368756
24481825
54066301
56996486
46839635
64449712
30889279
87366574
35898151
5724417
909331624
63907363
89771200
73586815
26680144
5803553
31782517
47543312
7460595
41495688
64254205
7794933
72644879
11608464
27203829
47111410
19368495
73598050
5537035
89640755
78964972
59389461
61606251
80514944
16385949
908445888
44964657
4758898
5812462
28346479
37966987
52627757
2253842
27738189
26214574
66417657
71025412
905480762
13960970
68486009
4460120
78215176
13764614
67105001
37307311
40968444
61700081
56675807
14566496
904720788
3800233
41015138
64110250
55406486
21530084
27979869
11336044
66494742
70222438
54632177
42324891
908189426
907259936
34578735
83411285
80958180
48480063
54436699
33922613
62441034
70406378
75866404
40656211
84170993
90455076
25447193
72623107
52155159
82123000
34673274
56875947
23406905
75688413
68469868
78813391
7218497
6449738
90149436
11196911
66672177
2265284
53521803
74861604
525221
35584209
58272891
27967073
84064272
60193260
61889687
3988977
30599640
85239762
82128859
62254304
75694840
907576053
34877413
75333669
89699054
69550687
79693287
13105961
2722771
48163157
39403023
37424940
44612896
77036130
48621851
11285075
69301416
49627325
33630350
16310309
32695204
39386912
44277383
64243147
580173
53650741
58232126
77663484
38890505
40360986
39917789
14585346
47937040
22278873
89919016
85119765
39313231
69612305
45709397
32036003
65259133
85112420
69460944
909872031
909632222
65566466
68640776
78933638
62677461
49754797
42727618
5372666
89141709
87005001
59615815
36205554
40655744
17847943
61352708
27029919
905692600
48754168
89098935
53629641
71033042
79017953
38749408
10346274
6113929
31942475
89865947
61373064
17054897
906810563
18728765
74170789
72377029
87369542
900588099
35054492
37124340
43315717
77910829
73749720
30320720
85010315
57438945
18460135
902858260
18791655
2973724
908550860
67545824
82072661
909664172
86062536
61090616
5897249
6408811
904688217
27839726
86274760
66061281
2378293
3085324
84790047
66549084
12946025
19643261
67137183
5484187
904251272
10452902
20878688
25484663
88257292
905889005
82923608
54201098
908747265
49198934
47174823
64781795
64228428
29247486
74445968
50290966
37821772
17826889
4183448
42509990
45666616
27941880
56054942
38044911
68510875
88328660
904593996
28940570
907971922
19214850
24424759
12223195
29667753
45303447
37707858
65408716
8676122
68115137
19609816
907423389
64797742
66784640
19688855
29026172
6032126
41618493
26800809
33853900
59445383
20984259
23847561
905112000
6409809
79902503
90640581
64920685
68231165
5234578
3861256
76203088
14449430
65769686
35909953
1600853
58556804
21101482
57009571
57232927
36700290
76619387
12139987
901498034
90887698
79312511
30524206
86919826
20931006
904808686
68257397
27860060
73276614
2104958
80455730
69686425
19491133
71096312
82090781
87722299
66330892
23435709
11409058
28263992
89205395
4802681
67348516
5245870
15904165
24358088
62468
52604456
48461146
12102456
54102491
39348846
38898638
32110368
73752342
59829645
36919054
89493410
35173376
10195670
29082040
15629107
27365766
48573174
86725420
909456548
83779143
900539984
32892258
5188202
76287646
69581324
89990885
43636163
12310865
53378721
15477922
12273335
53466848
63939069
71859461
907569341
50771586
10758101
87163378
72007599
18071417
71566103
61501010
53244793
29245444
90583051
68873901
56611211
86639895
55599323
13551430
70419040
903622978
3927357
65607244
79910624
63508683
903081801
23546789
23303219
903944193
39024712
35576554
57411042
50447452
54919686
64980384
48702709
65677787
627433
20710309
83749205
71193538
29694990
84477669
900438984
67761712
53351572
904533865
54401609
56434566
18085296
24820651
60057544
12012655
37911566
87451839
23005008
88477037
10998630
46308228
2421231
7507012
29368453
49832275
5438135
84288139
62296329
1624515
7449597
61923764
12334826
81198804
80600972
89513486
13160144
28523627
57275199
66511717
33057493
11676810
70429953
8626458
83981130
77971168
10639115
21892698
65423009
33644124
57853405
76421640
27436022
50274638
21412324
56804476
900106914
16850461
41092617
909886914
55958647
86025885
71810679
68293473
14708360
895322
905290631
27868505
28418950
62565831
41863893
908960114
21726311
12293848
907586574
905707443
90265017
65709358
75083811
55688028
46837153
32937218
79593339
74273176
30695526
901005665
31077653
78286110
65339796
19653941
88173025
21298444
905679827
907467376
37075588
20388188
907362699
89849889
5740363
83265319
52415721
37604258
2225434
21625703
49898106
47295678
27333147
87646794
13005038
49900629
43334823
59842192
30321517
70411833
81599038
61017044
18901168
12676693
86786825
31724635
79814304
74959852
900506750
32977802
82427229
85066008
900849661
89789929
74915898
6590025
20538920
27331621
81677953
12764355
48957325
31576061
907543704
23774143
66706526
20548743
21158443
57525020
27874606
51479961
27936854
909473646
59980676
46838023
69634009
46767503
26046329
6931983
69211026
26553079
29909787
51638256
11619089
78243117
88911856
86534988
22316814
909450777
61350280
903994769
69698802
10307607
83054500
77242507
81565420
49761027
45274921
902723864
907286049
20633198
901687496
82706573
30106844
909151842
77028267
47224524
903403016
903074597
44156509
72614042
29627677
21549966
71735969
88730436
793084
60647827
75265425
69593569
17582275
36615707
73588338
87281078
4406983
904126510
12007257
75972405
901371208
904765849
78696270
908657257
25399047
27867436
38847501
902989562
37019279
15875769
50214087
40422296
18950367
4370596
13036340
6061714
15920564
84772310
84792152
63197319
2903807
907541249
32790890
10486084
44156956
53862899
45250832
86047610
57989409
904741760
62020017
906844288
909507609
88199957
15501546
82390326
16067395
901832717
85379889
900570345
17708487
83077647
40992642
84142524
77448245
901512652
27687910
40852480
33768633
12480064
904049801
74156111
67504982
84324360
32125865
59145609
38187261
77376698
45193221
43660341
82118459
907213240
50504629
39109739
42896868
13489846
68983736
906447934
15322564
54363627
907018280
80514721
37441275
5494591
64657247
62373191
7007244
2345158
903225672
78259548
52308892
54759143
899329
67297545
39083505
32025196
26443156
24754436
909401896
71636378
68414778
39004026
26333289
66403078
25597435
69230157
27376594
4581172
75678092
42699159
6428469
82696372
70697550
81353415
25674635
82838468
43726608
70165550
22667297
4435950
48425100
74976190
49195094
48324431
89757406
88278600
80349628
16200564
13033038
37235195
87836943
28931486
23722891
61653903
5334565
49320327
30884062
22711161
43901501
54045824
12893990
87813641
84225867
83591541
69167058
909900504
13913681
12893667
80066055
36580979
54813288
75974826
59040840
904008384
71782927
48798248
2286984
52132557
64998813
52803693
36851422
900319428
81735180
60574314
61973331
24553416
909894643
40341064
4748247
901279815
4386889
55125908
89093456
26096428
86201120
905744186
35996933
900114802
18637854
63546659
36695782
20934812
39521486
5736622
24943197
11304415
44534872
64713852
10920643
57017355
17517546
5255735
57336784
46736397
55830051
66793786
18773484
13208365
907134851
13521732
14488180
49005411
68647641
51065307
75101839
54848762
56809494
58582443
54963565
22931018
69612772
1659348
43865831
909134260
34879642
68809029
67922345
79414514
81006551
26326659
36431871
8524098
21582395
41252326
2744166
77412447
55529782
11517651
90620812
62664634
25039384
52592663
59153716
41170696
903657972
81739226
6019459
907951137
87805339
8466695
30882156
57418113
37609714
74747988
14036044
72489357
1040687
81958390
51903873
72047240
908285051
35819415
18055010
29867447
24555411
10799178
907279895
80085194
69800499
45384378
90233499
42323554
7977042
49387217
83494250
49118685
78610113
26997381
57069823
66415454
72947746
35435649
71317238
10557462
10183639
85353283
83046820
48707997
67311675
82434363
68238908
23080397
65737449
33777589
900431514
90292861
2060436
55195079
70378057
61860937
900579459
60611558
904184492
46040172
57482445
35162413
5158858
83576229
62159795
712352
7475354
35107543
35148003
68792594
3148675
2815311
54145879
76195496
89006979
68941225
906113531
57245888
39505293
71850981
1023478
39936808
62143843
83083916
5131888
80005571
2428523
43195018
40617130
6613016
89235191
45583246
31775431
31877721
29159477
41418897
31590074
26634833
24010110
66738078
5427428
17158787
907037061
7056978
40837954
6044040
13481875
46951486
53289930
900470839
66286137
1797079
40407647
28429982
22364666
83023206
908435555
14793191
26218225
6536355
58889878
15453418
42119603
38148980
4814808
71279081
79567878
26404884
45397585
51061659
40626633
88308684
15704116
5147363
85365664
56542071
1191405
46331210
50977227
1965006
46802049
17263366
83762087
34693367
45693349
53610424
65200244
901612575
68403616
1418470
45632600
74777165
54355558
87752204
12926147
49170368
906514956
39977695
23058923
396211
1039355
11169227
87704896
906743473
906316592
73070562
10769214
7507998
66885442
61746442
36956676
61171162
26493479
68202433
43348200
19670499
21812859
908548446
21283075
37700145
66916
66915676
12477312
901806146
902151551
25403459
8460184
56150177
65381155
21519109
55546390
903904182
80172006
43251288
10647655
86488598
63805520
68900539
31480268
78174633
78130652
68436944
39345797
904624133
36639379
82693998
24294633
905935909
38726115
3061378
43636055
86176702
59977055
56113367
87982849
909612277
81516827
86443035
13246125
46897984
55445815
68792516
50802167
83101491
59527474
908933493
17073761
70816665
25317703
48554030
48991300
903448357
64474645
88337098
908072491
48597695
18514768
32367125
54533604
904724554
25428504
8169660
90901256
32889230
54283029
78884107
89985177
83283527
12810813
903231304
77665182
15740299
19507491
75951019
46325461
79034966
84884513
63399223
49851633
57685886
59436923
46326604
61134244
23911570
82147373
16690405
19992935
900662143
6541200
74526540
905386697
69453375
20179872
43771624
902342607
21946571
70139402
39811455
905230100
82950216
90526429
82895282
46174185
10033921
58846303
2499647
36552558
1214487
903382541
33887861
6384044
62819465
80214466
57518289
34214706
62361840
21692365
54207642
10507654
18233567
76217853
63378021
87686942
6397725
907149647
37513220
65827967
77289049
24808345
18541738
907722937
15334776
901437022
901380793
25368698
907766996
3880440
61921256
46465153
7262982
43292788
90332868
907566119
23507256
5334828
41780826
33352767
17027195
5988468
43860421
35260762
72206323
54722113
70431375
16087720
61871760
907944597
81915688
86644480
32752943
900457427
4367418
5571388
49378119
5748211
20940088
904628785
37112323
30345015
8577608
81858976
73637804
88910478
89425096
44628730
84245307
31205924
77981498
48756173
74678063
69325590
84016936
4368056
24047704
901931983
10455778
33403135
57360249
39855136
20047617
37596863
87796233
61898706
33168253
84658023
905130589
54108341
89286809
89726582
31937027
35348089
71585560
53058501
71742237
908494328
45170902
903471216
87183921
70636071
52227390
61861986
39961662
83727996
56230044
11493037
85659980
14169492
44896173
43020231
54024629
12427461
80617094
41820864
21809838
13785349
26478889
26940427
15377361
63249368
16667011
4798057
46081128
35736241
47856560
17823367
44230570
40511133
21294584
78898162
11147206
73521974
40760149
8592538
904733642
44473864
10085577
90393623
58643357
902465421
33413855
60151657
62376552
61514620
901972523
84186390
75299970
75935081
11126819
38161001
86668120
75277500
32959060
32749250
11013743
28299291
8056286
902727983
68810425
66834541
81626146
79957632
40356517
69869966
78550171
2573829
61827500
36119419
82967453
20470859
38584840
63864979
80622516
900961394
25379601
30078710
32631455
48163242
53497462
43758275
86324244
40165584
66519445
66766975
20398504
77533189
5066267
18454792
27744843
11360364
85289334
56854659
1317996
73129521
74208296
17351839
65703352
36035798
900954929
6154476
56506657
87023439
60019457
84612844
35468503
85399059
14691556
68099959
33562302
15672688
59341904
67370217
55838273
25861351
34137193
23720448
50878211
29203462
89658910
78623054
40563826
74948245
82961384
79365493
5561437
57169682
44201003
908748461
40689150
45155933
904902938
44679478
79663042
64922396
29292324
15131547
7805125
1467550
83231507
31367429
54623909
42573413
8737647
10462183
68434765
32874842
81666301
19312977
909561974
71325212
45419702
7609470
3757128
75864757
76974965
89318567
80518110
68659639
45550699
21207262
61299243
50453638
65886741
40962287
62859704
42662736
56093835
60664831
81613956
39325343
2032261
36237867
29382427
38253580
4183720
7817192
18612092
75850022
64613840
28174067
4658905
57517213
25783539
88416035
33381972
50242175
77734604
13900084
66385485
23285305
82591015
27684730
21222613
5961427
68647017
84082318
86107833
24740854
44747151
15205461
11549868
84263083
8926998
40932295
22516665
3110719
86233158
88612427
16444413
50847000
16786496
58586989
908364215
90053705
47003026
89229857
87779551
72221301
903129943
54165038
42990277
33204629
81849768
64212891
29166057
7980456
5778880
15273892
22721312
40526033
30479354
34271180
72272787
29406354
22687146
4789452
70000744
908920306
30885551
33928828
59767307
47672047
2515818
15615193
85209423
39518846
904845052
20472645
59223818
55458665
74637684
902214096
88663294
903971124
66426988
65313022
901951582
62205869
80586915
72156563
50215573
58549940
53911414
22488361
87956295
76598561
64761484
905440710
85518868
5647036
86853208
2769846
90802754
79369027
908385041
76012178
66371544
60713763
43968494
25595363
16172430
18606180
27809460
52319395
70060973
41720119
17632419
19496226
903925990
45703005
1652790
901625233
904252947
45564206
24113595
39692912
22162769
36358750
2617292
55165308
79489457
79470502
47935156
70292212
58839531
56320198
3788061
72694745
64517632
37756557
8290109
28173732
903846408
73583240
80493128
21391052
15303361
45609217
40887278
66713020
38795893
80023739
68338254
43048840
25587946
39935520
30225423
5234385
76294271
22842717
7883363
55783730
49796890
45818521
73559613
908636422
49622389
67347676
28814838
14140023
52587904
27104949
42313756
903917982
900688191
70290554
25309035
15991553
63383442
66196314
82704574
902179337
46220054
8526499
45228178
19291671
38462021
22937272
62009727
62239963
3263659
59893092
65507363
43060550
53195283
39066978
180642
902817674
53898324
27995482
64441367
53969899
55100432
906755124
57887882
903272294
24529349
83196917
66747517
87912792
6876902
49452092
90092130
90580627
5462262
82803978
909872300
33924284
905741252
19365697
6164248
46488581
79258790
61671613
89549132
79937744
48222261
88729776
82755419
49604256
16725260
47196787
903574157
19309363
901435582
61462039
22581658
73448601
2142627
89329176
61361395
89019531
86264939
8937196
79600159
81727202
81741176
36956130
63135157
34966098
56321828
59299407
28938350
83064288
68454690
18487484
63002034
64160622
54700931
3241123
13764880
71426192
87921581
64822707
38219226
36840834
26284748
60800885
10289437
18427377
7613732
71650833
54930578
31362342
18071701
82014408
13089546
47296547
18970540
76224704
29746316
22776038
83007782
58684667
905840328
8946143
77172152
16326033
10590437
31873085
57050827
24355318
50782948
44972410
89178025
89002175
81813245
62946444
7286731
39586353
28857491
42384135
58720857
31271740
73746478
76792558
13286150
34319695
24089107
32256691
58028070
53835424
55032730
41035853
12520093
908356729
87465667
37175916
72166431
8056104
16532672
29217260
69895093
67315621
21673340
906556790
903801468
50970256
69503234
901088201
90556609
45844396
43472337
6761137
77116137
64702485
73553697
90402288
9022181
45126475
70142650
57050252
46445570
72659050
45569776
906449334
81015780
80519114
43625251
900665883
78575220
60157924
77366812
5953983
74957216
46523823
902510775
78758685
7494080
19497680
27330557
35534361
65342077
70802894
32295499
89941885
82989050
53332867
80344175
82011233
8459342
7970495
86545156
2388583
70629547
79598603
8837917
128998
60117718
89946839
794881
86176609
7588433
77161695
82130594
72545651
23685520
32125039
8788006
68663271
51622720
26118565
904197633
64448467
44405130
83976802
901874024
27394182
84793340
29701869
56889085
83252684
27672366
43434243
23124938
8301914
23032847
21962857
7430914
30634236
59393367
7225797
16810847
56981802
21871164
46425111
77011123
3040354
78550151
75799131
61703626
77656542
49401367
13384930
89588680
3806497
44845403
1462704
68684350
29638745
21164575
25573437
60375099
48836942
69007680
83500038
47138858
39524198
52946566
2053443
70158435
12339935
89279241
34452953
69321737
58634076
80878065
3816531
51674431
906911888
17099334
60861728
84568430
66500702
74246659
21640782
907790871
66575733
13103488
76475221
6214479
81751733
902048660
56589580
30588677
18540011
87573289
25211206
905547880
40519857
17264650
23189986
52859792
54027562
57642939
69665200
60145309
38521006
10965403
11819742
45432894
28064738
20165141
77484995
42049111
41895471
125778
49839982
908471206
12229267
73798874
52169355
41464671
23331205
908758937
72053348
89354885
43815896
44748225
4902766
84335754
909496546
18092753
84679217
11007779
75735693
901828089
71153088
61740370
60277162
30456501
54656935
88341901
50621642
32141932
77874682
40000784
78751380
27714666
48471990
38464318
48997211
900641347
79928990
72328417
56883954
51982340
909166974
900699852
44214235
904069741
32519276
901194452
69646164
64682164
12202231
2865528
13993923
30838990
54605900
74271086
61295492
56746505
62612988
59400805
88888438
87971341
401589
67639820
15686009
5357250
906104140
12166891
5998598
86033130
31978979
900366224
85499141
41145953
48549745
77197047
45215695
81069022
78391499
62345530
3234857
38077401
55211060
907228782
68916392
57300631
81499868
77695555
14047138
1596527
84580030
50419246
79567870
31465291
65542737
42737550
26822543
19130547
902388112
70304812
905163679
34367092
18154707
38146491
75513046
66704453
62827208
68212412
5257146
41218709
30557944
88492004
79296111
33252675
5720787
5696174
90553306
24704327
73391731
52084115
63784525
57971763
902503363
90836066
36920725
68046100
81057287
63743269
34660318
83445400
81531752
87307667
17812493
686459
25454160
3325540
13874584
35765039
61537953
909131731
76983749
39579568
7623736
903763532
72832243
40828195
46943377
10869221
13016192
20335109
62953337
76800718
25790543
12940370
67636785
62711268
28470141
6177743
73938208
63130460
79623144
902953631
50438129
7435638
50123761
23375960
38244850
63998346
59140999
782804
73130078
83608419
86846042
18237486
34855621
59678287
59065681
81798999
70547509
72081874
49617779
80984517
6366263
22891992
41408558
11486720
33086931
69878700
907664464
54508810
33009162
87287609
57462442
30930962
32206919
55069874
54306922
70451770
19068221
60931592
70234575
39681970
44540013
57080619
57919456
26879305
64242577
64468808
908678305
82273757
36550684
905779755
10741946
80400618
28671748
52150504
1887338
61758680
22029206
47035473
16267491
902522038
34323084
21213604
80936670
66530004
76283478
35243594
36981776
42835370
43658857
54700022
82517341
35682540
59264312
40436799
62561846
70990560
52389278
18723822
53264319
88939963
24503577
11489935
16824252
53175326
63640440
56195261
62417676
85669647
903230736
26168838
35675356
85037490
47382443
16612027
51567496
23665923
339291
36032943
13984964
42998149
38216635
6502305
78680690
44964618
84422775
41242538
63438848
36812054
59966360
64186838
73235688
31953608
75676774
90059941
85128935
39317216
46255204
5030282
72470533
6969610
21199122
908145891
82007102
68581565
24757919
81058269
39731159
71580880
17091213
53716123
14579031
902791519
7702099
3259722
5239807
82124876
81985931
58678657
18936932
89435962
22865496
39656290
21389572
8542271
77199902
54002177
37859488
23455107
49032461
57813692
20424719
70231583
65959584
49915491
86296819
38201173
30973762
73511649
909782055
5548645
74711443
24361087
8340165
72413544
65104480
3579973
902022091
4574082
742301
68442693
84010045
22607799
908098985
905399619
68633740
85298887
906885467
906493230
56237665
55917928
64306923
24146055
73633182
77750178
74061547
907413673
15951353
905035310
28408993
73217078
900583957
903120437
45061836
46407792
23017652
10166318
87471436
25039744
52224070
87213739
3482437
36234117
909821539
901581424
89117406
25938950
34363982
6002873
79915850
90601648
404472
1706444
14747704
20521326
69456624
36292922
75418669
32891647
41328233
903827664
906108727
89395859
906948102
8654232
35803653
29965754
56304221
23275091
902489169
908528293
10488832
5971607
44762411
67794041
45036701
33879818
3732992
79400684
77366362
73648844
17486003
24254506
65355290
79717377
44775833
82295584
16010301
67678173
15187233
57338534
71505838
68779630
46734395
25937610
67433864
82538049
903387035
23738086
53296811
905876205
32266380
63785644
901847813
24512461
79063355
4368184
905875950
72796349
73768870
83242313
3928863
38738544
907496821
906767825
18455923
756324
89063410
34466224
67434499
904250645
39288429
86424008
20513945
33506495
12361620
87947810
16044546
15748656
59169567
16825028
69108530
1435947
80610673
70956344
15948410
907157700
12808200
21824361
27437719
34060741
52550345
21366584
72799285
907530837
28134410
1255209
54770832
17197821
73205104
69689002
68932136
12493535
56113012
89446082
46000031
68474632
24877563
909528248
31706959
84047131
26353277
900815491
75483080
54447620
19255506
38915161
61605321
32063707
908223193
36526711
13608118
908257209
57893296
86407404
63271716
33511376
77662615
18042550
8192867
8351389
87731553
67125005
10844926
1328235
904054758
56844957
907286539
28932322
66373206
38993499
60463124
40210153
87292659
83429874
4657774
54031836
22345037
903746767
33579213
78051899
40273478
47187332
86309109
45650445
33594738
7064495
79161822
58741024
15107047
24838361
57092415
50322270
39447036
67937341
41650507
43501795
72265969
48937047
19917788
86122846
35414217
80380913
73816670
70190547
63810789
15958116
24222384
33639496
19704883
57801598
11691397
907462032
904988932
45484177
900596148
86067340
90032343
27241640
44808366
905139391
52080002
49384451
902945332
1527039
64805463
2079509
82512505
37071434
41016558
49913964
70677951
23914446
30294878
44494622
4104993
41589338
60452739
18327379
75228835
27641293
23612648
34403903
82586995
28601581
27371750
83183143
14668923
17404095
10424785
906960960
70027156
62504788
903829082
72972489
901515498
68634546
65052000
31511674
53189651
53552229
81425638
71351272
77466675
11720518
15845896
19055340
53309857
23782306
84866389
76022362
51423599
908479039
57909936
34010596
37080621
85281687
17193741
233214
50169452
75102196
53677845
20196610
85090654
57506927
40652769
86606153
73625144
53188440
18117829
74298465
906740670
543468
45649739
31691016
58747657
61495636
8230026
59541184
85277943
83096417
83047217
84185213
1575457
40957155
18195810
28656080
73722512
82873221
75372965
23891966
57975418
76534481
1572246
90549743
81525079
32225017
77155898
55150224
85413457
42757398
29448691
39637798
89784536
75098431
71328815
6015864
84077738
69558843
55557050
69355683
52655262
86087938
901024567
1714390
27045094
19220378
20370472
48251277
49577270
43227108
72143244
55036359
19761591
11199162
45586104
901286671
43424179
70225673
903920566
76321307
60466741
80852927
15959107
50251279
55951360
34771593
46267145
40029100
51814107
49307865
56868454
904469371
35395805
57893022
6183762
909924570
24597071
64037905
58175848
21658011
54748684
77802763
24178041
21993946
89001925
69764145
70764287
79909775
87473489
74684854
56231084
47940232
55537783
19673862
8191512
58972814
54445456
1942327
46485585
906259565
88733863
50837709
58212606
71613339
56214402
901880040
81537909
28295143
13401616
87197428
49953155
15633971
12483862
74131197
37627918
48969458
1379013
908392206
76362904
78852503
30560731
32593990
26792737
33582184
751522
72467919
2554999
54196980
64410248
86524254
907940216
53144113
37361965
13636493
72241123
3576368
15516534
53779034
69355182
76401820
88460132
19308339
2035792
48427665
40923206
77147381
44880794
79785890
85539588
21243700
58638395
63583989
53837691
32914802
7166174
53589215
905382723
37204845
55269866
17276642
23729101
10693753
17904426
908574737
24330247
90145550
49634775
87330451
1408254
18989959
63732273
79868388
38298298
903251737
75779724
26705175
80399119
20660520
906491067
13422378
41904221
12613132
77006368
43225583
45527935
74172544
44298469
50910659
11377391
47052006
68187302
82590161
57745760
86091729
1164899
82076008
76237281
40799676
16890131
15129207
59789635
28106075
42481266
45571604
31357813
18260992
72276780
59240603
86405182
26251518
72662982
28309405
38864651
7153021
19018659
84392587
71325567
63317129
82786917
30186628
10369137
8457890
12776791
15598568
32033291
51425361
45158247
908270573
2225037
62048379
70883450
498343
37638125
13364717
45069949
68995939
31625710
64830400
75720212
18030893
1081919
5866865
3823968
77430240
3019887
12842628
61822829
64345456
23643428
2093416
42015755
34012565
90551308
54792547
7094803
22584600
906217909
42253051
78338843
45926617
51785101
49222295
45424962
89423226
62587013
37978582
905902837
41696393
902808984
81623050
59727287
41374574
77489916
901034927
18804816
70509805
13877556
28111315
82338932
37520984
20204733
24354688
19017220
10756043
26630906
16112025
80824313
80332485
905848747
59163158
73742773
57633848
55869123
19167737
47057076
18456138
57146320
52959914
60152532
907438975
34582965
67363490
48813549
59556552
68398417
67618366
77550028
29759644
5729682
59888962
67280629
63418086
31727321
33781520
21657799
58358227
7377214
902482114
86174383
903225963
909128942
59917157
60859812
64998066
26568565
907916890
83454205
31198555
908360474
1090407
38637531
90427109
905937569
87451081
49983663
74335987
902553118
27533693
51579301
45766471
34906326
66343601
909184558
66633647
900125122
30842358
72475545
7502337
80808142
906133600
48211971
89937085
66050758
56555453
54935153
40102993
11956014
85873028
71301549
20316489
24447107
909939082
10743600
30384677
44873833
908210934
52204334
47426952
35744628
903783637
40677094
18134624
70127239
49861653
32251942
17736032
28187682
52211158
62722040
56479494
58344759
10934012
46416581
71879187
67489466
48835404
11982182
26929151
82192103
83283732
47245640
54122881
3222815
57989241
31991229
85580319
13683845
84195564
33007273
6912143
35462872
73684367
15046769
53073781
71029691
47298712
70809814
46701043
509871
81015524
903180539
905338301
1949537
7080790
77217489
906922675
3399865
36683342
33851827
23075640
19967076
28581138
77198522
60673562
34054049
56673421
46253882
47737895
88352656
26744826
44650040
23815529
47912864
907180479
24372981
66426225
54479192
5182796
13127270
901472734
76198322
63791479
54294705
15631531
908355941
31512196
70037876
49239476
15679209
51373373
19798787
35646286
27438182
44480979
43803519
61492232
901154402
37541072
56713798
89507059
64285898
901363839
60806259
59682433
908544319
85179241
26108660
10507182
27845708
86719600
59463586
51527701
50511081
13758293
14642902
906350692
2754159
84680779
903073839
908433370
83537823
22872627
1563326
58459675
67353607
35366846
19951909
68508010
72907919
76665707
58015070
84677488
25513217
66305000
44359922
81541206
51484242
70468583
39532059
79329951
57188184
8995645
30857654
55182936
60237609
45500557
909017299
52991769
77665006
12091139
908908810
908686501
34963766
900472137
67146177
49801044
83322653
34581756
18309055
903714244
58731134
23807796
88391732
84244352
90112797
80235325
13269230
89080710
50703910
52801290
68410663
55375765
280606
268317
58042371
59518216
2252545
67059671
12509987
69917553
26634480
68902467
26087724
909081917
69374605
3233902
58882962
52697260
27815660
24675688
56411504
86546795
48483485
2286907
18274819
86079952
72522234
31544050
75160664
70709815
31829010
43571328
26085581
31109618
90323316
31611623
90627835
30059533
46154965
50621493
47460756
72789446
19523961
73548481
81871364
36382237
14266055
88237996
36563167
42081715
12913686
40458342
76112181
908880841
32745251
41870670
4960794
52751156
73414721
70121460
23460973
52727402
61176459
7030224
83837020
8983446
28641849
21948527
76526649
74796814
20053690
23987407
5069931
39577652
45019559
24424966
23443560
59285615
12662964
60006728
48851001
25576651
900465072
72446852
34457493
80693993
14317524
76901958
33445151
35215916
4507088
904389794
87943318
55683549
901420020
71780340
902150666
77545538
41212538
78677316
826023
61266229
50148394
42379626
48327552
5167954
66804593
71771112
54453571
79467558
79261511
50788242
52527879
79726583
23235096
34469043
907904248
37552621
58854671
88833068
72768538
53361761
3222863
60711858
56528981
42126554
79975869
906163318
67155763
21188408
84840635
66981788
29938308
34989031
56845084
78265860
77640656
23649679
50036974
32094228
50600907
29298487
82882471
50612457
56508741
906117569
32565171
64412989
1153860
1419843
53246059
63922400
44781606
3952593
24634259
48794257
36079149
52093799
54957576
50718582
73282208
87281881
65184041
903220517
69754583
22029127
28970048
47395240
45678806
79007023
26973139
43763384
55789181
57339281
4375842
59781592
10940521
26941015
71678252
902094383
18360859
72407982
66016784
10626136
66360577
38134714
59420394
49923397
90228513
14377971
900641981
10994393
901659854
13309692
61698580
71414438
35338820
90668629
66293349
81017627
69675654
3266489
24781013
72948505
50605772
66640526
80213768
61546294
3581541
51892022
63640678
59426071
24300006
77141132
70052208
38144254
15275848
76956272
35551322
52988032
1334244
83676972
63982425
40477769
6986665
25681007
59375878
32325487
16349637
25669228
60826784
33508962
18935719
33091468
53941138
17025161
731994
34154908
78571456
40797207
86046931
89695804
900223280
57830608
66836938
70275489
43458533
29596457
47231763
26493525
82584489
86049678
10170499
46566916
74011118
54640835
19731594
33386997
34449993
36081232
906539896
5276778
17073864
72959285
75851916
71015003
89984447
75583912
905169912
16039574
63864790
38700514
53219049
64088071
44014792
20055989
81847231
34956996
7136116
76562664
61450522
79720607
62612344
19104692
73771194
84107132
21229198
40986458
64977800
55679191
77067691
71517697
8439640
41625226
1960653
74291558
12640230
29428771
7359141
65293812
2952015
61223933
51477997
46171066
72795675
5492790
13710726
54642907
77933456
10846844
31205573
86867649
38051121
41301588
905972342
59305986
72892391
74685210
900292446
37870193
30364403
24843807
56871561
28804044
66469034
6315884
50579273
26592935
25744657
47938415
1886748
18696674
56646019
43364746
64867741
29441695
86341207
78578468
31568273
64274665
36908983
62773847
51142315
74960105
51559106
904598328
81749761
24451498
79283539
82042208
909805362
909647943
54369686
14160593
85935657
20838721
10476479
36514932
4915326
36221137
31937018
86802075
902401482
88583037
30166823
67269224
65508403
16508032
3331363
7076677
80782697
30240348
907334196
79408683
52684123
906376973
84007012
34433886
78312141
63290553
63959765
88117503
20422167
65813121
49761767
906357826
34135513
60238247
90356427
29050841
6459385
22293447
15852918
46344538
58360155
3503411
13613764
23868560
10011444
54428798
68428908
38277812
32152817
75763105
65170166
84836941
29623748
49177180
66754498
907935891
59951404
78197933
43537065
80373571
44011056
3298833
34215068
25630240
901020752
24571497
54681082
44963808
4348613
70534000
1308347
52708770
64037413
52405782
24061000
21532528
906834582
2489909
907294011
38987399
15736685
72464178
71308011
2844103
69125029
85546179
900779996
29076434
11227784
1800730
56933676
902722511
32583235
1148745
28352752
33603987
63203912
83033835
78567796
57552527
901051507
69876144
57744968
12572590
22281928
81805969
81588788
76600179
21779549
88882799
15587580
84999904
908830649
34379262
77844009
77955678
19925443
78624006
907032114
78636897
17908408
63965791
81359409
50491643
902598208
909712163
31579301
13285791
40229668
10147099
18321989
41281176
27506914
76066957
901337437
49788842
905356598
82926225
73872692
74619817
19292696
36943943
59619723
28123346
71323206
37463734
906079026
38732319
63571410
13111141
17369218
81479819
24560603
8728627
79455133
74642480
908440792
11034436
87928272
48670461
21181535
53733931
37435307
6172119
29800890
38772745
3444632
82641158
69182641
67317326
57260976
88475338
904261271
64364370
16598685
75584477
901828105
22677712
61800467
65399516
83272522
79169686
4363006
55316796
77898315
73818140
77442947
33822777
84852577
65371220
29976909
53517783
19105153
67412217
49689903
6389713
53668632
43134537
26514543
22851275
10451864
31259190
11326614
14713136
5623560
75408969
37781284
44935336
8086682
581752
10334854
28842876
78751439
904697862
31643342
904133426
25999673
909086291
85439873
10852251
21941182
15416783
11853705
41046336
30312671
61543609
84919720
31464974
52161816
58917933
901799919
62613681
90177124
13126534
24810488
33284356
36019174
10075442
78219693
81589527
909657196
88554548
10432404
35892306
40736080
89559416
87509401
66735754
8645708
72949276
25071676
20586891
35849730
36925381
909116898
13646071
45952661
41520288
2594715
8114478
900438223
4394635
908211831
38099018
55004840
80505988
71383374
1024015
90581431
49603069
72613543
900238629
85641287
30529618
83614604
73861038
20089036
71124007
88080463
18734746
1556954
13152140
86805307
74890354
7561191
5922205
88536426
43513854
84926164
81131143
89112002
85364388
23009449
7323834
70947077
78014290
77829824
42330453
69038306
68411257
39417192
41651851
16133556
25058481
72181470
748161
46403190
39754177
18355840
34483655
58488924
909912796
5119465
2777901
84803151
2680658
36183778
20823249
83678182
21109944
49438062
72790186
53958003
72447512
17597692
24905082
7945473
5427516
67235535
66983781
11322445
54136398
56119303
74939671
26678550
75784444
22171504
73081741
15538623
40527345
907565398
21511217
7923810
902684864
14289120
30210633
42849193
50472899
8517551
26527377
71582844
47955615
317564
25540849
67886798
64398926
7929601
65832273
59826444
12648808
80299724
18632560
66785207
36419029
41055901
3463758
12203474
63227406
14029171
75225767
51238421
69078238
6736985
6645902
19246773
11026107
74340206
62095967
908982677
72857759
36107014
80565522
68297045
82908249
53590042
36183845
47307177
9003313
49499788
54617292
11652123
29799514
73249852
78437330
13702214
14305755
19384760
73389358
25016832
80897600
48615126
76255254
49975840
2835782
20384828
69222614
51345559
4725034
78802252
60328237
67582795
14909268
88377429
83363510
7817517
89451142
67031026
45124696
88454457
16530816
741988
900106581
3814000
20475512
26027582
907516215
82264937
2896012
80905574
54765440
73793614
29520702
78504364
71253125
22356485
8889193
87959410
21185715
3614229
66761663
81513953
908680695
29154602
69891384
2044206
74455790
906826197
906558904
19580487
5280655
23089720
66806146
42870907
64387391
34765329
68898490
71903607
64513937
909278173
52809182
19279379
83071788
29813555
7783744
901808584
653710
6672938
89767995
20839427
37770839
904013330
49837050
46451535
33167932
67212105
85979412
907623724
74038303
40021986
74687881
69318959
10595377
88977698
59673537
74982769
23743029
76055697
46886377
88256967
85333871
47179230
55020016
15889331
24476456
52803762
17697916
24130167
6960371
907465912
2453264
34731211
11479243
42290316
28666417
2130845
909502422
62129499
754569
83540726
902151487
21926122
900343357
12746865
10903821
907500564
87729635
34646851
83556262
82099683
70387488
68890135
29278915
25407506
84779467
901239041
25694939
49961053
25369209
22655311
904910636
17822475
57386523
63873549
907596461
86052941
56004395
17098884
48182442
903242636
48123281
7817599
25168759
5950307
10564466
83556250
903450873
45777771
65686771
34490806
27877456
36074261
903380943
904640041
908965438
35644081
905879083
34660378
33088805
78731962
57315690
37999442
44038108
62185884
901872992
118239
48238826
57877388
16217125
43904939
908603695
11824076
89206208
81256124
55258054
770675
64812375
906192598
3032117
30499148
40683405
68393243
14057080
1548018
73033285
23022519
27192101
26396039
905166568
60280906
52611672
62482258
45764019
44133451
24668144
47637012
43251691
20390641
52998071
906952487
11779250
61601767
18776564
900985460
90341561
21518289
48239806
55153938
27710888
41271924
85653087
15877964
909665169
710168
907425984
30182125
70216358
34618085
904061835
75382927
42382662
904157178
85348856
88146682
48290630
57500670
83267364
1542322
25374982
83749106
8494809
37154233
2834543
64755044
85623363
83176106
86273333
81346839
38330046
61467892
22618765
71466804
77345856
79767604
18660644
32255511
57433400
88877003
66873597
908978906
11743602
56739930
13136085
7092458
2370282
61426716
54593130
23121318
900452709
27451783
906870426
8947519
12089686
704970
11186235
7713050
30364748
44943239
79059891
16178465
906411132
49162327
87645270
31240659
76413602
906305916
63496171
33847004
42666590
77853438
42825911
54410192
82077039
903445667
8986321
21930993
64872383
901063123
45052312
65325093
28514907
406407
11756284
40604594
46595049
22942520
85801314
76959797
67885759
12344877
3138263
21780562
908990874
80783534
900504892
85404477
34573121
11484734
66735151
24723381
89338173
57044733
79133574
18898883
60490400
25603567
40829877
72846454
26666691
85882189
85655218
902665269
85288598
7411503
43269863
31883649
67837694
76554848
56327117
83207124
88899726
49465381
52471357
45374271
77732586
900459920
30778749
59789378
11944654
44997571
84512760
48766498
902042306
63646336
67665382
62532707
89249904
908495260
82862832
63400266
41861120
68518052
66065535
74633389
13413227
56819069
54000709
28734591
33373919
10327827
11941717
69757316
907276879
11896744
15131588
85009466
12356665
3394007
44798846
71784989
38391580
76795276
20551488
40433887
40441614
35700541
50450264
77175188
1679471
33313098
88059125
33540593
901831151
54124662
55657653
15244379
58427402
909658363
43978971
39284992
67469860
903404358
909042309
22230410
62784772
71657567
54723547
22625108
65051576
522394
4410097
903443158
23801342
62445256
1360715
64242956
8145798
41810981
88901815
89825270
75124079
24444612
70849534
76955231
26052944
26507188
39683281
84480347
83649221
31145922
23765340
8602752
82033950
80291319
20833164
2302393
51948888
75556712
14927503
17000466
22562778
56821271
67927294
46364120
19266529
59288011
58090747
17412328
901098993
4476233
907237600
23706743
18920847
78087135
48145645
44973792
52077994
87828927
76937809
35727217
66458520
900703151
81813640
5976141
80994471
902646806
88278536
80427030
78203519
903206040
7427497
900766298
60027312
12838463
4614088
79293841
72126475
52704837
44189840
73225469
47181072
8911110
6932213
66101920
24481917
2561529
58559382
76559911
80390457
35497193
59770799
4332648
36200345
41584440
90308790
64678487
44231247
78587328
45105519
69918436
29277039
90016687
18168405
89304351
902855152
12782495
16081864
22465298
65487333
907755375
43174437
60152076
906666487
87590321
73737667
31148405
80151851
32297051
55191987
60542310
67794245
14962787
902358630
51478261
904030898
2667421
63640419
48262146
71254750
56229609
65664253
48015460
46246298
83832659
37319813
6585120
6615155
900885348
19050419
909586160
908640724
62224857
69738237
15307212
7298849
43475905
3939286
77450702
75772957
49131275
85476683
1050872
64094063
87835313
90012804
68124962
80502736
53653224
63870778
241157
909882835
29535033
47256618
903612803
60851362
32060102
900197925
57466519
80429119
66732014
14536349
89069844
76440542
84274587
51860726
73739392
75234163
45800014
51190096
8490790
4931290
36666780
89541664
906509024
24502095
79554470
22117657
52488502
80691365
33472106
213329
90574200
10490809
3953618
4187004
71342172
26013722
41868600
76292362
906442843
56084284
90828712
42996357
32524828
22586970
4857084
53747891
7821134
88140769
904937988
6311926
30555731
89088438
33337262
37064756
61074204
60375402
906666083
13562708
41066769
40138190
60259708
79124640
8112669
54213328
20795316
69454843
80227050
62663916
45747206
34153564
66231871
84059589
77149922
8756700
906646561
19490678
88261
51951365
907631449
52409920
5746962
38187180
41498360
76567894
22735607
902572566
36943298
29401691
63618944
25493738
17023551
71362322
904618379
15136222
25575652
25413696
84591065
905802704
35561283
77821942
87439937
901793156
61881533
64589861
48033526
16011764
31564209
48021789
67963130
39195659
900431711
63710094
77382840
89413741
40277990
900118448
39469978
24704959
77003809
50572593
50198697
4027361
21934917
902300747
56647253
47510569
75198113
41238320
900796944
58243066
66543933
88236882
60036223
75909137
900310414
55553420
1920902
31874624
903575211
59884034
18553954
51490592
71077798
43420464
40904335
58839459
1022582
80374314
83544418
68026393
30946908
81226786
909537425
52881826
31011204
66184679
900392397
906209319
54906670
48673010
64452386
21450605
36909894
71972279
44843413
84703978
27525701
36764316
64062273
78584581
44132021
82616227
30075175
62693490
26036693
70979510
21532950
17059277
8837495
52561039
32569341
77268074
33787827
89590436
30149901
12282702
55775117
78025968
18492022
58165458
26698980
30428078
27099734
11092544
902400359
71943147
43280193
77409730
908707465
907342467
55994313
900323157
37442365
33553158
63016647
63479059
52016339
84549598
28022007
50853836
84594308
908075019
28121911
18382137
7665455
905755483
78148509
900924244
31265122
6640532
59089702
57964102
74552281
33673107
16540317
24436311
905616256
59820511
49329711
61807391
14646649
905324026
62130548
52089015
86360854
72630866
63051745
38377195
57180466
38557423
36714701
41774776
46632442
12320283
907640584
1781568
18075767
85789094
40189483
49340890
29913298
46762856
54788663
51949249
80435963
18812651
76385561
33535890
78633162
73198943
5343281
3279812
78522969
904957501
2852497
12367495
77588368
55904244
50744690
82252505
4461667
34943062
71510952
88577780
47263346
26635207
27843020
12822784
59907972
68032504
909647345
37304941
14795361
64436008
89254191
5231325
30732330
13123423
76250886
909365494
86322367
71594169
50128976
12329008
24035341
42981475
24696503
49107380
46369390
22924864
31359887
40831059
905351597
50354510
76892510
52614944
76989718
904735532
12921399
36897692
72768036
22568745
74202633
35047068
34488424
63456826
77762064
65220754
24063920
54012952
22069919
10386288
73090791
19682566
70198966
7126133
62664042
4895470
3717183
56517102
65304005
25077072
44831832
70655603
22915252
21724343
70754218
904971
73943545
83675618
36802664
4195252
53728033
58488968
29242322
35700128
69429465
54488057
900920884
3493385
908501010
70474472
51363344
81591802
90157039
21562312
26201607
900304752
63941452
19918792
56821855
76729128
2479533
49137358
47384732
15394787
70861702
18138952
15299760
44805248
49298240
586094
86484171
903026275
905558734
15726494
86210073
74988199
70214552
34614627
15965256
26199233
905089101
67328601
907791037
42729811
36374584
81476313
90518233
47799707
901395107
4823759
24528836
3874641
43961118
19397239
56753099
14822822
85019861
72052859
907111741
34318103
19122625
3595912
84828048
24681359
56806077
71038122
47153229
74504300
905652751
63118486
900703534
58225522
77930758
55978241
900955335
61789013
84938225
1473568
909588721
86333332
86297329
81601227
27691645
30258449
900998468
84444744
2564940
33502000
903981275
47160352
15303773
70587570
88239935
900131823
42752600
45046014
18653616
89905830
67033984
71790037
53024318
67737519
77499230
30955078
71199431
25938235
40227761
56137657
64895474
7300152
89954660
8676474
78901381
65129976
28934924
27383520
7058391
68983535
60885521
48523337
63627558
76189295
19110908
51867494
23804788
61863509
6913509
89942074
51769340
11431165
909215782
52277329
26652355
86715013
30716077
7851786
60136919
70943839
901473115
25032395
68243993
1427776
23708870
47145376
904041424
900127465
22012567
901099816
69111001
30381759
49623154
32738561
906571055
68734063
84606056
77859513
78081242
29003236
15285259
77334253
87918071
24501042
29611584
14570427
58699725
60327662
59905884
18836646
78755172
61379000
43869041
46999167
900290448
15061582
41628214
904331873
15189048
63640782
905431690
84300050
41506211
902538514
64522282
5560936
18756248
6612008
73420451
6837491
73098915
36189381
74171746
61016988
60690423
51267000
23071086
66873819
59078333
82976971
33194136
37833506
44355973
24546848
84832674
2130091
39608431
73944558
43945634
54797480
85069011
49377325
86581201
26575224
399509
8587153
22136162
18155758
5199163
43040284
14993251
15781750
79229665
36648667
24282409
87403759
87915668
47353495
54277580
46994003
30330468
87471717
84827510
22170111
59502235
17143855
14300204
110667
1088414
58245839
53908148
23641097
55106834
40489351
50216321
54506345
39076506
72352484
20145774
81759340
62876438
35139025
45024761
42106105
19271363
69307170
29509866
907187033
64144336
31271117
901664707
4474805
66226505
33975887
64128587
25728742
8603412
25912461
24839410
37175498
31641971
26231229
60816596
34232476
66720581
11032919
88738821
53280757
30869073
908884597
82523768
3745512
1507292
27548530
83335288
10778657
44339371
60328825
65449360
908483709
1599943
14597737
50442185
57826450
48573625
62054442
31038862
47177039
87966904
903361943
31836208
19608877
29593173
2652805
53841353
43797425
51169394
90063845
44561853
29522138
46432113
27085622
70751321
85423075
902117823
54086611
43685403
3940864
14415438
909134764
49908244
53499052
23732502
47834100
58809173
19789798
909888544
89848036
14450508
7855449
3209980
46286717
64947996
70286824
86423193
66273020
14084250
37592589
903820537
58646104
67114728
7736320
33215397
85349720
83159397
35333221
39436333
26844801
29274087
901335442
83463235
26666002
54834495
54679408
74500102
61127338
74469207
84388647
50975376
88919716
29727767
1669026
82690104
42159434
61955852
69113299
908432456
23523773
54189558
59736663
82169877
68787957
57472985
15385276
54137678
40632383
8202166
41057682
14960855
74959924
89876793
45907761
901625927
2194959
900587171
76126030
53322299
22540049
60514679
51781345
58943436
90242447
43450373
41633542
32401883
52889896
58230512
88318009
76413669
12420072
48054674
58583548
81208029
53011329
21452495
82829378
3643713
19654663
23887062
56088239
4614587
13763857
901996002
43724185
905958817
50066843
19850217
59281117
72606893
80364897
58546133
31550331
18091015
901996508
73183874
7976568
902370074
78898057
33778248
78783744
1318129
29316593
84850963
72526160
82327923
53787129
55355540
23455308
73441792
26726273
79543548
15540051
40490130
29023221
59264237
3932617
79090065
26598125
900697406
180629
54446693
59243539
30730962
72537709
908723718
51398507
17997948
11093793
30296565
51776197
89877538
69098365
28576461
22212173
41624527
10904385
75999302
44463738
34359694
6924765
18673682
61386912
59948487
906647483
90410134
66696395
900580102
16983870
3294521
48761177
63648170
5224885
55488387
4379132
67762595
64212106
3261310
33244214
75305899
71041546
32504082
12667109
40139913
61080544
82362951
29248111
71984930
905845925
21195520
906344625
902770692
39869202
15215208
10202850
46516686
53109013
76899246
4580457
17576554
17677439
43341636
81224724
12902326
8830024
23087528
28148592
10525802
16348840
908876477
85831702
87390386
41380560
45982481
27530301
902461105
75829103
904262082
21929706
81675029
25457603
75758001
84445722
65326806
90973210
42132243
11843493
44082224
66515160
53907621
61658779
31676270
7249258
42883505
2062266
43562954
65971034
20210859
54088757
29803544
29087337
87404129
64677601
17951567
80870281
39691573
67896342
56699386
43953656
89826049
38374417
69411259
65584051
70303810
34738067
904040933
12436055
4065230
5606827
26434886
47972853
57265607
58111157
2705782
47632783
50173425
36268738
61087487
17867955
37841165
38374702
46955292
72728965
903052305
12390530
53599248
42743879
80286873
57782305
86697535
70112924
43640393
56108796
83180646
13944205
38330534
87221579
73863930
32395765
30312078
900298818
80368619
87577686
905893646
73074402
82694139
56067072
56826811
1265297
73935027
42151647
29640001
68373990
14880614
80175976
80764521
15963533
22919857
908535066
73745839
57101063
78647991
17386234
60693530
909312308
78814109
9024064
44017558
900161711
31419831
74329637
47944199
59272121
909390994
53837846
79830194
39568804
57388588
84140675
30834103
31323617
26292324
907957775
47181278
88656607
88133752
27945801
904620142
58537280
36480868
78365981
63122013
62612530
43235886
23815545
19408509
69533665
22839611
63426068
69695377
901743113
85239375
17639577
908498904
4630370
18961094
88329099
34199176
76349683
19953446
12516950
55156971
46245770
67958395
902338251
34902379
903575819
77767722
87006191
909596770
61732261
65372174
72718784
24344792
56091730
6534329
43753302
25625397
66857611
54663040
42804445
68600724
39902417
907927693
77099629
82016458
74372456
12912400
63699305
50722141
32865846
76216256
905879113
26595287
44174653
55701034
908981337
5234142
33468757
5987529
904830914
5201019
908843374
77549698
67029482
12418775
21567699
58266454
85527842
88425311
12929496
28332289
57026037
900315584
83743651
81609337
82332043
58116109
42005407
46031350
56321921
22354924
69731277
62201035
48950212
61389601
65385739
57931550
56623745
8854497
901402751
61454660
4055518
10246126
86488029
908568671
70148571
908055730
66835126
55676415
6481041
79764623
84008704
900990750
80080208
15236027
30083757
909895923
73352137
72089165
55927274
29674060
4444090
73142222
39358765
90877973
34531825
904744506
6293194
38639241
51082674
7695946
900093903
2621863
55425742
34065602
901190536
25574315
42121333
68025663
81250730
38602376
5273957
12743106
87076795
22837837
27979134
17160554
32733761
48814942
89249720
36144706
25972673
31177482
909286930
12815109
22055457
1302425
65043285
18348653
29941668
16125961
16044601
77519240
56231494
18954014
11584844
57422031
44528329
53706178
72931364
73262730
39792224
68205323
33489507
26869021
1043160
61468642
44029576
23776923
57767255
80762967
907405299
83739929
11940451
16692230
6555038
33995909
55478325
61598325
52344563
85419994
25207956
15872835
10422906
81439451
34826849
22007751
38861484
26838849
23197599
11792850
900101581
62989824
27481843
81074758
89858846
18525005
90027071
81372093
89785598
47794328
62135062
7190898
79017928
74075514
61366798
75572968
55555094
16845125
84654963
907899659
49748790
57346590
71256164
60171696
38786043
906083015
82179448
25131198
80405534
905377049
84407717
27990786
15850544
11889562
909065546
53193061
77898237
9092618
34565156
67683837
46886948
44183889
64874736
73388546
65743074
73725205
6445185
21298170
90570331
81100150
76681499
87802792
38446742
47937664
47974490
24716456
901504350
77637608
49847654
29393554
30498328
34255373
57384341
46348872
3628605
66449887
47025604
71526844
13026177
81590760
39210683
907396795
73258320
51569090
80785342
86485064
25294297
77230529
907783236
63348299
905814350
31948405
51151092
1744762
27369740
46609253
16461219
76357760
24246863
66308874
905751316
54745191
48047918
63135657
48577734
41676525
77069215
43087009
13203371
90095393
72161440
52414055
44975859
45419761
51466815
25761203
31904827
76761113
50475402
87171733
87593082
56289753
19120140
38744176
48034517
3973550
85353430
64495737
70331311
57083963
78288282
76082628
59312825
26336202
86701956
55374230
15496398
63771173
8461240
28699770
901350237
70622681
28597495
46326097
16042444
80064311
19570970
5430941
904309096
70046373
82602676
39385849
73819797
49206486
78130026
21854316
43180038
10967127
33833723
13511351
68051091
59605676
37077649
74847587
33425548
23779607
30221819
48921947
35034450
28683061
25105387
83868357
305743
53702883
77678125
62831858
81250865
7249096
58262801
33043632
14779141
88349147
72429481
88598939
37555635
8043178
57936925
28219344
909010307
1770649
89214364
24545069
51376327
26292015
392657
84801876
7555292
29614478
81207493
32589744
905781209
906312882
16458103
905086954
60015766
41619898
15402482
88750302
38868996
73665284
69277605
901131807
909498103
41707088
89730747
47053739
87233936
47667674
75273083
43727914
86921994
64487449
68272983
38298322
38263135
15149312
70583869
35818429
2247459
51791364
68408173
8028669
58104247
32349947
50599294
65603684
21453516
66001777
901837658
60322512
87150731
18598933
61454320
6648835
907789692
8668738
43702575
5023629
3820082
66459329
38751544
80742078
78430449
54508198
19040402
16693586
69657511
37107941
5685
61904972
36382976
15887530
59933643
41970893
5721146
10532938
55058248
17174664
76534716
904379576
77497177
11169119
22978510
86435168
907817955
30768203
32587577
9004200
25791833
26407661
65463531
64543378
907149741
1377651
19051578
73673812
55554908
36192760
58265424
55550595
8097732
4648401
71438125
905515047
36619296
67159273
16047986
39161214
84333938
40066372
43540791
909314786
51235492
66519302
43233625
906537118
7287506
75821203
905541320
70563010
49712535
71004852
82590059
56862276
909866175
49125308
78019759
65421084
85318068
36285185
20971680
83415802
78417257
2409806
36414520
62520223
59569081
52462506
901681439
1386690
40012549
45222231
900701478
38731712
59225204
1418772
45268830
903996382
67239977
50810151
74559392
64436182
69298673
57149453
21298460
79164849
906274762
46801890
44585934
39076501
30570746
65557615
69975974
908988005
905451093
906390496
71508229
12503845
906336673
20673339
903890537
46349223
65895571
52075684
32564605
72604446
43494458
77833436
76600828
58218106
76127258
51160222
22654290
45425933
55793346
1436420
72074452
909551779
38238312
64144057
48628281
68809059
77185343
18604257
25280734
82636437
24994753
6788964
42623953
31331427
64945973
46514491
25164320
78325215
46073846
57728926
50929662
89568305
83046033
27530492
5270081
59173293
26174385
17924373
52082896
81967732
909360794
24157350
39003181
5082776
88301408
87631463
11375506
12970423
53719390
36656241
5606861
26197814
80928876
85714485
905012912
45874851
32228978
30177233
24200067
25786494
35389830
75129730
62838470
18435865
50143893
58108553
25092828
76318279
76032926
77175725
905769683
32877391
48816746
44772865
27960169
84601825
79887998
86819345
7572249
33607390
23475588
40662782
59805205
904404465
26377269
64818118
7762986
906089918
42479021
21963055
31876413
77868852
44576456
42198553
43788387
4720350
900307108
68881216
18522301
23823705
3540612
24291984
904184767
89841029
16548520
79628605
74442856
6436519
66447952
19498777
77527580
89923540
60161560
84816456
41811676
34022500
49634575
39574664
40112419
39597267
61537719
19472502
64949790
906114177
61671056
56221848
48318197
909461835
72586735
66840499
33285540
66127349
38616154
84953977
55968380
55164674
64582584
77894907
9084864
31030537
7393685
76612445
68437748
905038917
61428903
10249426
39061418
58547149
49824091
79173837
45628087
58845481
46130010
10577878
12443328
907801068
14283397
60761526
17262904
86870132
27602027
8032114
900481153
66218181
82986092
56449533
21382857
5052347
81828111
67951392
26082886
79221797
2047508
42004305
31744385
900960082
52253732
70805803
59507232
49561493
7463311
52618989
55890645
43593323
10680538
68333974
8878061
24963936
29095502
16140967
11834070
56697529
61656751
12315223
22915712
2126514
16248427
1782239
87178863
8076539
907217303
60745419
24782008
264811
902749726
904010063
900224895
902487128
74815867
907215798
532291
72279180
59834788
55422938
63356174
70515327
23756913
62234237
42962933
52852416
78375205
54797004
57033616
87515627
14595898
27432999
79642143
78327995
66698909
14304677
23888205
73916212
75050097
48670214
73181025
25283494
52680278
73405921
75254292
74979816
28105390
74786585
4742667
87940178
30209524
58098843
905939177
901450108
20333082
48902111
54302525
46191957
51182785
58819811
81191255
13262354
86252811
60833399
1590349
52951721
22621747
15478556
26867935
7671845
11632441
47532631
70439010
11796389
68422223
45693303
86776206
6527614
67963559
81518874
31951464
8173084
87101388
37890641
47106863
54918140
34276423
901409389
901110099
32942879
907712871
82301355
46205233
3965683
90618425
37795584
4401075
13240174
53274141
21269012
58395690
64906583
16285314
76318370
76702973
84707538
22011675
10962850
81235153
89975235
39965395
60670288
35631990
27066785
8560930
82738854
81984926
80321023
31631914
30578696
13263904
39344786
60363721
906952808
80794139
50982148
44748393
75195216
11705992
45506205
43947898
17585353
57896458
60233213
3903724
82083102
44940752
15915401
3045953
73659576
53374306
33011350
34329866
36489967
907561805
80374466
66712492
37030402
60695491
8344406
67609098
21443066
85172863
27972821
28395874
65967004
26438640
20627938
88645890
85628302
66134143
32593790
903213656
24030603
2827004
7117381
906113707
85251427
60516452
46643330
58911005
61374429
27138351
40724541
7864397
82183826
21099009
64576891
19214229
29278171
10404969
34306998
8204907
5577832
909763490
26600783
909028508
83685800
4712390
7674399
69314103
908330205
77751860
72527760
32360809
18062535
17128813
85958186
903313964
77645266
80085187
62224969
39019697
54707208
902949512
84367765
36891036
71532191
48944657
56105266
900810364
906833297
37895935
9015272
49894800
47659426
73099725
58923308
31345227
15295787
904081379
900659332
23625993
29316909
20670763
903470473
47379445
37799577
36912330
50693410
62928513
16997518
60402050
49431881
71704727
10835233
33799647
56079434
82367425
30227975
12184701
30661460
37061273
7564306
77160402
86956073
45223733
7743798
3363052
76568961
13039587
44928102
24711964
84149250
74245012
2866397
87619724
21624459
30665976
72015725
19801539
41078160
89013244
80203590
90510041
908201643
38522493
24309690
64281077
20889920
54537666
23949449
9035049
39082610
21513757
23679123
26038685
14221161
21422923
66885408
38273793
81946180
11813511
10469428
13579102
86058524
903335827
901198828
55166653
81485472
73214554
74968193
22563634
909711469
902655455
60557346
65396782
41177949
84867037
77161530
909551539
86888374
48594650
908586590
25970985
17592077
79749383
493340
31813239
48655977
66378749
17570702
30602159
25675931
28040131
1664931
11734457
31375958
2863760
14384781
12861432
13561986
36836645
82908736
70757125
39492100
43466083
36153908
80670050
75816791
60799109
37705260
62705166
909393760
3775520
36159822
26985838
73524905
83136833
906282748
22180884
6999253
23853451
900266714
22675186
51893582
1931646
81893312
83269541
32279078
6278094
43614644
3324733
33114740
74007051
64081860
20090511
17473136
47719439
48244232
40773597
908518549
85949492
903478765
65395979
79725014
87122257
2381818
900733590
70259092
8664567
22914475
67258346
70001688
70664858
89933533
21895272
62596506
19310517
52648484
42359254
15588612
43746799
35683989
6187022
17753852
47249520
16277535
82710657
4968959
64521768
70967925
50971179
50471262
74446691
16367160
77679946
909052620
56232649
78413537
26795383
902380888
48811683
41537400
72382577
19476543
78954603
41761520
29556719
8265121
41893675
71915974
13853735
85640475
55083634
10040759
50877997
902333156
73801964
81072325
44785786
38323733
52040252
43240636
88794996
73970614
907091467
66474944
30506905
63324117
2372152
57302289
13188675
41183836
8839689
85571253
60660380
25277964
74816443
37700770
23543087
16710120
909616746
84880491
49834265
12184051
42404921
900712264
62000876
16206886
29268260
906786664
54530620
81308513
7510969
90809287
902762799
904602438
904767902
33269705
15410225
7140055
90571995
28598901
85807562
36895356
61653825
46467943
62173321
36470270
84168714
85716408
900664060
41269130
18080571
50498326
900936852
60485493
8694260
62937729
76692380
27962522
17208063
78706671
909271037
14719034
69515959
12033837
66805142
74283862
45303543
82215368
18907589
83359209
10814271
904715152
20254566
72468096
8666765
29911558
56422037
30319151
63111637
57086098
19071952
81192209
55068095
20008804
41677703
53762357
30430204
65853754
81724880
47638268
44560426
38479588
909840973
14076387
7997095
76646115
35843920
90784309
906345155
902235180
74143519
17159426
906950333
41881756
37111193
53100769
71793315
41016901
83419920
34904953
45586669
49975543
63580833
900654766
69984348
905258538
54417123
900414553
71112292
36142005
5536491
15672720
74621593
52861134
77232777
20102360
29507251
13076699
10886670
35852407
62795549
85030190
900495504
17229552
26911948
85090367
70330322
46188934
73590938
901233914
28577558
19177609
51209457
2158391
67316045
68677476
44900600
21733170
16575700
16012894
905358845
12112192
79169284
27464109
64973327
56402063
47566470
41964249
16962433
58453141
25300327
27241652
43483333
73279500
44471205
17878952
905853539
14801529
11551556
79444478
63519112
87612784
46105758
62212240
79771177
13421804
30889718
72155447
35154975
47465418
88168342
87997490
907061281
14821297
15461601
19518279
18707031
63028071
908966199
83153133
68964883
81750196
10394787
59931886
55029698
54865993
25294509
908366907
17151193
36846066
35295056
28153976
24458851
81400814
90366217
51713699
4822619
21255936
23869148
77461265
16205025
59521160
12942426
70749976
21826128
28404028
37751926
40533160
38915770
4201795
71169964
907880654
75951993
29048422
15296211
78465361
31398086
40590721
86832269
48549279
24920457
69610996
24186926
6862978
51011812
14553144
48576679
3318102
83292750
19929497
18263038
497776
26934328
31205465
17731424
48760457
907093164
55483351
36777288
46008934
49685148
907947253
901373259
73120812
36995676
16669471
51586175
68393762
904743863
85902115
64426712
29664321
55513112
88613639
26527301
54008595
50650454
75103980
47326698
33943206
42517148
13073407
33440984
69451477
44278873
8656078
65695605
51372038
54139431
902472895
44864643
51308250
57903818
3721572
24429063
4899494
57874714
23498909
10776928
62618577
909401025
22687311
2282899
12397808
11300952
66293870
66406404
909435076
88881521
13733104
43378283
31398671
26806512
24302937
48333819
18569056
22959017
14029426
17424764
24582118
63985991
909773078
75890369
21889810
903494651
47803103
64272975
908853036
18785682
75049904
71471614
28186708
7737216
11238184
88068186
56521839
77532055
54474592
65956916
66413578
15691366
909335200
45295920
89981548
81121807
3629740
908550605
904080826
55142837
73459039
76146614
19128830
83232118
520653
41018641
86726770
47323758
905291618
5579806
66109441
80341523
14535092
41779820
25562411
73256946
29848008
29567920
50789003
31806270
43008507
64686252
47497637
827377
909982174
37479187
80949186
51095585
3513462
85030012
906238424
66972503
61176628
25367254
50204622
60697283
66385896
84415063
55504711
19161184
27478541
69097823
46986378
89497302
58361313
72548789
62754250
35692992
49600380
13543254
67499263
2608888
25713177
62480571
2436266
83179020
59758
73385454
34274607
40956892
905899138
87996700
907929396
14559436
13363956
58134019
75256720
27233523
90032753
78245102
46394708
17511295
4826595
40864756
907008599
53187910
13413547
69762850
88880903
10497598
30789775
903863837
903106488
903986622
66344409
5542755
87165643
13787839
68928210
68923921
54744731
74827349
56920623
10157798
89386786
70284580
15775488
12127177
45001773
905808243
37855950
38880152
70803208
32682547
79744909
25295478
85870458
40642127
42541998
22235032
51139726
73331774
26098870
54246214
24802067
39926950
7272640
11967712
53714789
66200852
80891633
55943191
88511871
37812258
13584660
25382329
55580508
29360149
84993176
48065952
35168393
22849127
86946105
53455271
55531675
14174685
78750750
88885803
54816813
21292750
58604506
53440209
42108194
84703377
55170094
66910262
72113998
52442736
78877974
73312458
18643589
907253279
76739320
54639131
2549207
90323981
80021461
48129717
19684132
12498308
6195670
902336195
35347436
30625446
55791467
38362782
44800132
82025888
74732256
616946
903318639
33336764
900540827
2910503
65523812
55710922
59820767
85121480
908153659
86182412
58433940
74280918
40919362
35173261
28920051
33468570
25497244
56425183
81598288
2665045
68923492
25277629
42484911
51754599
55903076
8276379
37601051
900703210
27785939
59816978
47803827
78588248
3153742
48344654
71498753
906161226
51539247
31319521
1282707
59692907
64985604
7200317
33973827
905904967
32373580
10377549
39373538
905354495
66802732
68455497
45503211
83209895
3733127
87988123
82448164
7119874
33748174
67532886
7823085
61534113
27349866
3110582
40122363
67987279
88938907
11621117
74148505
40478156
90424308
12914884
900171064
902893584
10115203
81628561
908798552
89972453
2006110
5655760
42810618
906292514
64111258
88313830
36986080
905328057
76301954
19434246
902447932
57533799
34450803
900271019
19067914
61800669
40865272
906673947
29787950
29804181
65778734
51420126
70282337
56203044
64335010
17937072
59096629
21933884
565634
15378851
11906338
1571746
11034613
902200627
7864261
75145872
90514458
34850342
80473929
14300084
901768259
30405532
19317553
36219062
30676552
38385468
45503402
19025494
2543085
75291353
48829676
58321821
74195149
66595684
14524867
86013830
84532757
21105166
55431385
84098392
83967687
14821394
23153810
5002301
17022022
68501741
17631844
55020150
903352085
45589444
69320235
52604014
75994977
36121459
36306747
54155200
74506927
81810150
73180695
67050014
904585174
69494041
72855505
78780324
36089727
87380373
12277826
20622485
55969210
67709212
52204548
39936899
82530606
75358359
82422870
552629
43860102
900054716
54572781
4695857
3127830
71376686
4783541
69122809
907498147
31090290
70761680
29488745
12900441
43942376
44022429
64969285
60920088
16877936
1233280
7009816
51741980
903511108
65115972
55194860
18703991
17320522
42615430
901234599
2678881
25038302
48270898
84022654
72576688
50327350
78718512
65704520
69187707
73502055
82311000
24169524
52076016
53072681
901141940
12460128
44498728
45164370
77429414
905418818
909525977
68662696
49912305
908751627
19657475
15028278
11430158
85845135
32348801
54045589
87079735
72511353
79083891
82834304
56534008
144250
80645324
82736191
64848771
49833033
903721918
4643442
21486228
903281605
47716125
22628168
15741733
39698524
15276209
40654818
2601012
72285855
56801184
42513318
81037483
76458660
57541597
2467642
62303797
37374069
3996902
6867202
57369092
73080795
27185178
13903102
72225046
907830504
44122964
84557488
905147207
5328552
79200932
26633436
8610158
74400727
49261605
14351893
61582922
64537814
55006711
54183935
36823671
11807897
44180924
65344825
35750228
49206192
905296139
45537695
86580262
293042
89888568
1433025
19857508
17073748
905336129
39566225
24904252
6942763
71607384
30051460
2271317
50808318
56684897
90881476
72692716
53430172
905233371
34275639
65451657
907723753
35943245
49758999
67015320
80124170
15103826
902765549
29330364
67883635
5786914
63394297
67176679
85675484
54827323
34517858
902749234
907647123
74084084
75137156
904589887
3175139
52672287
44344875
43983458
56840854
35226353
64159845
10271028
87943393
45919155
23206356
43150817
81862401
72965356
10166138
61986573
35552853
60415357
38800608
903436490
56202273
49678575
18096840
89361428
51989569
900098368
39594333
907120363
21666123
14731490
59193920
14841263
67403778
903538796
906308392
71728303
86248819
70468238
29483002
74192214
16387394
52689359
64826701
8249796
25654717
74992840
907720040
61207571
82891868
4004318
12127732
39094143
1166564
77708241
28455573
43156135
77806610
68049907
7760167
46956404
30265068
56954089
61797668
45152516
60492886
68106061
16880821
4225375
38574300
46363823
15901261
902445365
9053183
80727963
900695163
72191570
55720805
55898873
80882812
86096344
7386861
40494214
25190489
88553427
65686126
901129733
79193232
90976407
16663310
76953401
37932813
4412048
33907492
730481
39564566
41884048
67836544
903929057
83593094
53894515
7776550
494356
56339881
44313405
80222320
904518714
63988646
83426796
907901258
44871459
69523141
905288121
32849344
42197301
3841548
8535471
90810703
73034782
89511880
907474015
7471854
27444695
49369734
78863017
27175178
36417970
20747067
42495392
40347028
904340163
6389908
85607249
51318189
900213460
29920656
31540511
52215844
41392972
62450978
60117103
86264432
31974121
65405224
19113778
21655092
59246774
17649251
12465797
79765227
907161133
67423482
24720753
82089498
16793218
903583772
909264677
53211189
71814508
243739
41041888
23638342
43117319
74132808
74956532
43330780
51537134
53980714
5546625
2930107
16431693
55663729
26678211
5889484
68552624
45791990
17544578
75283069
10924912
30010376
55048298
65569715
44917529
27252722
47659215
61710747
30836495
904407563
62405607
50134674
903651304
50931165
73773016
46768623
72547644
6213219
90099404
24084780
50193934
33129700
17014889
14109298
36277100
43693101
909998784
904829726
36968762
27543362
80112796
5377344
905037409
82644765
60947061
49954938
909897489
908606277
59149356
88217654
60497510
69038634
38352329
64148814
67453470
59609016
10917439
40001115
55822237
48500514
64085896
53499842
29113885
28584455
67609141
65390986
19761227
77607925
70220713
904213659
52634958
50333511
591004
905156038
80461947
60538066
902594647
90359437
16628014
61744004
78577092
77125525
78266308
64413092
88758010
45719780
24022110
47159120
85720896
79844348
43143304
7290462
33344191
72257190
73358588
48437003
85131846
3119816
26044930
902836231
7333476
26163559
53169742
44408151
31319597
81115360
904946219
33914245
71474798
69057903
43141919
7535561
3667099
21408229
61948655
82425110
14611680
85970766
77067901
47816246
13298786
20211207
2590379
4126647
39952067
65948969
42563651
25083915
906552457
16092252
27920147
51369603
42255811
28573560
5777755
21059079
909688921
48207645
902456995
28647390
17265550
45598915
26182953
58416320
14490815
35615279
40841432
29102495
21586047
65393003
24402412
82368503
85604211
16992793
76495151
25556280
82941763
66542473
8123865
36977891
30118396
26044013
88347495
72374208
902101244
31608922
40916958
11790166
79816568
43373953
40437557
44565789
36456539
14104181
902982110
50947354
49719461
1307212
27533520
18789179
56700217
51935933
901157683
42304429
16412397
25136505
15344380
354161
39162649
13468246
83815723
69281046
86995929
72163219
89138924
89097174
903772143
30055884
48371010
83588711
20913508
36292238
75638171
57370047
50396419
78620282
55801072
47599551
69927495
83334593
66388730
74111383
82754197
15030084
63899483
166595
87650259
79243863
46004428
26812910
40195780
29820153
6093957
27191711
49467043
32716553
63772556
53239186
10256107
12143568
84311568
31169616
48435806
907433411
36023334
46315896
86053693
1824407
3915448
903464860
22642672
60304180
77576244
52880540
22817935
41475728
530806
10468196
68203262
3018905
37281107
908399044
22839059
80858734
83074425
19789773
61058958
46846983
73028960
71315066
58990551
904824200
49968352
54910028
12257611
85991687
901225926
45794975
25299765
5141375
6743505
5426107
902929226
74319751
5790317
73230831
63279150
5321125
83699027
78966083
88340031
68463805
87365128
58662761
6806210
17923225
78452535
57865169
64770208
8965165
29180237
71244430
51273036
26632260
26154460
11014318
60107617
27380387
904292964
85407383
70005433
901036471
28317162
20418330
22839892
24107481
3649161
86119043
66912276
77348190
65085127
902735979
3295666
33926
61398741
90101877
17857152
87334947
47967048
82627361
86300114
24630956
901355463
85056820
51263216
27509924
6071139
58854504
902373982
900364104
44261889
19863086
901400576
20062722
40281416
71724138
1653872
81414248
57843182
906049820
906246110
70411980
908785800
541777
70345908
17668212
37127326
35686731
905003161
85094375
65797763
38786945
57209001
67153227
23843767
55955888
4663152
67398577
14810394
44520805
15246352
906555954
64383891
64130597
74102346
52148978
35854737
65756220
33563228
3697920
71806041
39809339
11593572
80591842
86834787
81939480
45743725
23962114
65109882
50746886
56540160
30907646
89533832
13749163
8060874
60861270
17188722
40207697
75743518
31999117
84728503
90989870
86038741
6596065
55120469
60141088
48745045
90975207
25897310
82308274
32156798
45187021
69601284
43750371
73262534
903919742
73173522
19006260
27881857
38283405
69753147
84422018
69191052
906770651
45654851
14735598
15115592
62843574
54943296
90859111
42326361
39671800
81848983
28365104
36267867
84453123
88506193
85012912
22912001
61887173
14804858
55068800
907074196
31889812
46302842
80336731
35809555
66960034
46826662
11175083
52727110
64063480
43080772
21918164
18317802
88735624
84137432
33433395
9062868
39080729
71776176
41389231
78752530
53625161
17238006
62504068
85561954
53227869
5000651
908473957
15115044
57289179
63542758
69672910
89178992
57329271
7493312
72472218
24289307
44319975
83647302
77016418
908383457
26728076
46418253
26701259
62947370
30555686
60134655
62010240
69636416
79394502
50883142
5872617
80503333
15604819
58376687
66065289
68832689
900861009
74539247
31431404
58150189
85565676
901104316
47329183
90378618
8597628
67285072
14667926
42917605
50932376
39168015
8784732
25144123
85586268
25485993
88091494
63625625
33104318
7585405
80745712
12498822
5952218
76618331
3002156
11557038
82478689
906551117
27873398
83339699
81090365
59304802
41489890
14139713
60409119
36302744
904518332
906490419
903587818
19186259
49408025
54520195
905837945
48192758
27147988
1424214
21162422
15239484
902533511
54266741
60308559
83279224
14249233
56260779
907381227
54735060
15301488
89859916
61286177
43174886
20683287
89860213
902479690
62173177
903999927
10372480
45959592
908518260
16862899
49547410
75188189
13754595
51551276
81026135
909431024
78699265
19934020
30593446
41422419
22467532
32343858
49214649
53230426
4076761
52959099
60611654
48811822
68260587
7955241
10098001
11435475
18638529
58215
61398835
28295377
51441813
71771316
74254970
59960074
36117886
71286051
82631934
49872481
22837328
11141740
59303506
49020264
31075761
89896953
37926354
901026964
69724481
34624674
54257391
63801244
87583773
62352715
12613068
55844362
60307958
70194739
14763508
78946488
70152955
76162344
907241867
21594770
5417331
28980507
29038514
31535218
900266560
11670450
81407700
70587558
70295860
40711208
67091492
901371623
78091831
52501517
49882256
47816314
87126191
51623318
11617560
74709966
13976035
24230628
78037999
74283993
41909038
2801508
900714153
12061995
68963854
55439689
81140434
64381187
84420197
57662619
43400076
84686758
16816740
24807778
902757987
87112600
13002656
69849480
35967894
1094488
22350999
85850151
38910804
909477192
84957139
8012034
31670829
8933175
69726333
909708830
20700840
11635372
902510340
68898662
71181037
18957865
24338353
52321473
30822722
908758552
57467763
74222799
40928981
74284503
46514247
1170638
61397105
59516904
61020120
7365000
50611394
30854789
30698822
37005869
40331982
15655963
82501574
19486481
62072809
52227908
29195312
30257319
11346951
79189321
155982
82527989
8147187
23494337
82333132
76453580
79736559
39800897
8160049
68149211
61569071
44674298
59319850
22966178
904191204
67823641
67814848
902286269
8678431
8513671
86775808
86494083
61653305
69277384
905980566
23726116
68988963
82659548
901467106
27819585
61848871
900623090
57831244
907479729
71601097
40164378
83933310
8821327
27448946
82093361
66970539
89018017
26767661
73774060
11984197
78442535
89081372
27282716
80728805
87759804
73280058
14988285
21737559
34933365
31749339
75201795
906143151
48221973
57861345
907610258
76041558
19710217
908233348
33872804
27189947
27318116
21520853
11123259
26139444
48969800
40700290
40593654
85471488
67467952
61851385
44939355
3394157
50932759
72222072
74122964
86176234
45502131
36594919
55397464
80435497
68344259
30599261
34062319
64049903
88460606
41672577
87575132
908170825
7389595
21447938
82844442
24707713
90452461
3967702
8330827
39422262
82151663
86408152
24893752
49619616
48259539
17316778
43013775
46675968
89538850
64620410
32852204
35040983
48699000
35733338
62960151
64526930
66332600
44506140
28576834
54793208
86178718
16151968
10447704
31051985
85083575
3292147
903243369
75536038
34743520
901574197
62441971
16895185
87982350
34819393
66514802
83725559
52136172
57012248
30401529
41675024
69116328
10737404
24199678
17815330
46470743
34643499
82342260
12803344
79149640
10919096
15080223
12812030
74554734
25527927
1347685
59638311
18820076
4591055
35174350
53563597
43648923
45099992
70458782
79114943
79919386
84457255
62840504
32055559
88953173
3242034
21214254
58069503
51463109
45413932
75884834
45417522
27541102
58227096
58220867
54174413
16629863
20784761
66986444
1184597
46312689
58334131
8306579
12616435
900408858
80964600
66180033
44057781
26064593
84122486
23172726
905983981
68579742
86013231
85523210
905016587
26738937
906737465
63086091
25685717
635067
38970927
71103240
27176171
44681693
76807778
81350585
908795227
7592539
5820700
47463495
43905230
901638503
3253744
904005336
902047362
74218346
70185369
46105144
900282941
901791527
69277871
53750591
17854940
902774774
39273803
22871528
76997381
3494938
85957620
902683099
40613677
72412217
73786340
67789849
64577581
50594119
6624105
73372809
48186660
39928477
68319974
39575561
41566981
61573720
43580897
1098012
35792068
61249937
37203158
83558678
63041465
53964699
84792940
28380075
904223144
71550414
51251604
81220525
65045353
37209225
83903625
905659032
57105113
57689967
20932551
21682696
55767757
65040327
42539176
51438088
52452474
10859152
1013649
41503126
19916543
82078217
32601140
903192281
43328156
17287968
86750960
53853292
18736338
71543902
82233368
22959483
43094318
80968642
51663679
55623342
65661538
83050975
908766044
22766653
88224612
77182265
1933019
43992371
42222594
34472197
5430459
4675069
2815018
33927780
83661865
60215232
16005999
16263007
63407514
906817826
33550976
50158476
908154789
770984
69186049
90388157
22730468
59764037
18840471
21877818
15387381
84502010
904928794
24153426
907268665
3153407
901335693
201685
37145780
1041956
81157553
80059910
33200697
21456243
13987692
16862564
81671475
77477361
80609240
45078991
84295188
61643887
42721137
2449977
61414872
11907188
30321806
31629011
19154896
49162278
53506830
34542277
81147959
58435625
906179374
88416625
51589034
54998736
35101982
36218484
3524363
16259537
16278396
74208731
37715780
30266088
38554965
66870926
907743451
19164207
11949919
39522309
80808095
902154727
79455957
42222969
61545584
57261434
73851981
80700481
53907383
74842481
62726429
35055344
33278108
68905803
23471971
32350812
71388210
906057624
68569297
12396245
22317162
32331364
86604977
907516613
10081123
25159944
74387540
17824574
1807821
33821129
904830554
72615917
35975857
84286512
62322557
7521442
89031617
83658208
25705594
42939002
58500691
88432024
77994347
39262470
904821499
48949989
71613283
76209710
55007614
87666251
36089626
24808447
19997616
70178273
79808729
77562409
5338218
54196271
5386984
87146040
35501071
47701209
907245629
18960598
79471392
69568187
63965711
68503011
53226397
89671306
11442015
59210759
78103331
36920033
8473229
82924831
85870023
17570184
906618212
88361308
52720105
42707839
13169756
72717722
60369783
2978486
7763802
55708002
4658428
3150787
90337713
77643169
88335667
7583343
6603768
67807060
14635202
908053151
36310073
67861599
7724457
5235757
74556029
75827790
32155792
73029260
906236293
65509485
90599444
12854506
901354465
43319551
903046015
62007891
63520944
63415799
54986379
61284748
66607472
7128477
901919207
904428857
22255318
90254874
902012202
66342757
905545606
64131073
74395909
41855680
79476343
72120368
37091439
54032374
5431829
69247231
27061635
49151792
82240387
65144750
909489969
83594853
55947972
12535985
45602745
66952587
23435454
48072795
75721006
37526597
2684943
77640213
41955454
14940263
15378759
1451326
81283021
20924366
903066071
903162601
10263717
82542415
22766640
47355156
36574790
18198470
64086058
63636426
67350263
3810116
76264847
76840233
77404971
32212821
36859888
70491387
46649079
907779013
18564183
22370087
2789280
58732797
47493971
82228405
73673060
62872731
21163402
902439753
31280768
24229474
53086024
89028154
906771890
75852664
36383312
43346681
41534805
47953041
54466778
56368739
89246828
78215296
80692643
66651801
57911788
17552533
84626858
904560869
72815216
903191043
26930957
13088167
61923841
74424928
5316573
83080572
84781330
16479977
33003995
63545768
88193120
86090020
52573924
4965011
909426356
36440907
85795363
50961162
84393949
40262143
907329903
73640779
18477441
88022546
87776251
23872900
53058750
72403111
28433770
73357636
23077825
55364728
86445804
32485336
77273327
29246049
15565910
909538328
45726026
6053575
73084097
33919148
29627266
25658023
76367830
39053623
62098931
62163195
90014785
3976551
49909009
44828359
15101002
15870121
32850907
902877255
39743022
33393327
22764036
68176793
906750965
45841862
71025192
3196770
78327199
48298520
69926490
41376779
57836849
63136187
84914025
78404617
44539006
14541293
904062642
20906838
53594916
13645244
83070034
1093372
907621797
32979045
35921733
22722800
48849167
68772640
73083725
36075860
49649638
5847762
904252655
56400604
89173294
75277847
7081045
67500495
71060038
67007537
56360945
76380558
30143725
41274971
54785177
74682732
55816265
58847820
43073240
56894852
72493065
73626945
47988226
27598533
906605991
83909959
50321334
902938829
900166271
23405061
39014689
49815910
66736493
90751014
53700185
55909789
66028863
50781232
70893955
84572572
65272440
27254901
60953132
42899836
16013543
15738311
17582569
71829809
22069802
908139480
76208331
42046538
81766426
24196559
69645072
35856088
55590189
67450077
38794917
903240131
38338808
25293277
53056042
905075303
63527962
54239898
908468763
77040495
905021132
79362719
61613069
17777242
54101291
70049871
60677079
70114835
33271853
25743319
89428314
55341655
33882800
65636647
44871864
15649227
37316877
62000606
51505316
2907066
76934354
37783904
6147198
15273164
10560852
6686910
67832137
74088814
50926810
76300901
51129311
903431612
903147291
12742382
21208855
57248583
30275924
81885935
74847088
63547777
907629255
64275404
66373103
41512056
29912053
58728638
57161284
67228931
20729246
56150270
907619669
7663600
3934175
903766868
60420435
904495028
47937449
28252573
78583843
8864260
52037145
77196825
902295874
55184437
37422878
23504730
59916690
67698802
52874335
34763780
31246581
60503591
9039185
7619685
49499318
76434909
56348325
54144272
1147511
24561241
10294544
8767180
69708512
51712390
50017719
30128949
56207419
7955169
58381523
82274933
6819431
57902338
59471760
46598975
13086777
6894638
17587376
73003468
12077112
70461712
55250919
43323694
78448974
54290106
88427050
75431962
78208686
2259046
29576236
69356198
64303958
87354450
68123380
34012472
39066842
65624770
64141421
42757931
63579941
70006615
72516535
907883044
27908955
79471965
901965690
40995732
23850275
19553066
61482871
35927388
90014779
16733791
79251083
15947424
18507568
15161805
1379387
6716254
54904522
20955625
66072454
19208481
55793746
81679505
53220954
42344259
47304277
17362377
32585861
58367889
87368992
905102397
13734604
15277949
84574363
15700294
903757352
55908309
35253361
12723893
1835698
72751811
29457685
18570453
88699236
5448923
33732259
27562295
2165179
88636782
6001590
58237635
907845265
51795338
87400811
908549889
41623267
82188759
25912267
74209129
40556650
60764930
79311527
54291254
23526549
11369562
17475219
74767571
67277872
52728581
87491465
906597242
72964063
64432821
25167696
909146970
59881745
906383626
36709266
52046926
5020408
32710857
57768231
50349344
31989866
45169044
906382904
73613134
27357804
79778840
47822264
15398125
40543772
74617462
17173050
11553992
33470694
34648270
86321563
48232237
34860522
73813030
54829479
907824586
38245852
27480846
16971557
8127598
33864472
901164494
7658195
76368551
81359021
55426428
74201566
13348888
48079142
80584470
34445693
22920617
60363312
29751628
38318743
48390755
904369091
55491793
59944747
85323455
37623734
3749981
33555694
72484256
15046683
35868844
27792513
53292536
63349690
2247740
8903805
7214163
3412235
44045671
21066386
74771257
472100
5267953
35603816
47551244
75852425
17533180
70471862
83699408
47284808
56274275
79573833
137569
59249739
39518582
84461026
6873474
80752234
65500391
16841402
5798918
901369236
44633916
6575124
64718927
36881658
42962601
909416762
77777563
87008273
30483149
900032492
86480374
73234773
83119978
81515289
6570868
900653160
470821
80270278
5421638
55745098
59844113
4559209
62478508
46846366
26503907
59351984
27598602
39487968
76193386
70881190
40857205
68310973
67456316
53059803
52676301
57902588
909960236
30453866
44910862
87927055
30486359
78874907
61161830
61090008
60390198
57732700
61743169
907344691
38002979
57164808
10573460
45330763
207688
73051969
39660799
73195265
32403954
67259402
12683235
56081011
85624263
901024111
71875655
900564251
54083915
24551958
58466839
11527822
902489495
903377703
454878
80459524
82252611
60616710
41549534
90126480
18349411
903292704
44954841
903836061
907941183
55528302
6650494
54632542
28580272
36311295
75311478
60984227
51054367
87994714
64548909
36678632
36502496
36424566
37242883
90586412
908460194
5709723
49597905
10949690
46571097
49052785
1409214
76307379
909669496
80442419
13917531
75502577
83735124
58872373
79338639
39159978
14400676
75989135
41276190
42980949
59784100
16587670
51448847
10838469
904582385
63481427
47517102
88568551
47389664
32243656
79154964
55849859
75437050
76236540
14283219
22008149
25289326
53176104
45799199
34958823
33618525
59716730
10461402
64837319
66072774
37283712
51480968
80473451
60756518
2757159
70938071
20540620
909344830
69870589
31379090
61410885
33352018
26379862
49979438
80741682
58623519
76618073
84075212
34060570
52854614
8358432
903552390
78143941
51534538
49351589
60586435
32636733
56551990
18531508
7474053
22624766
903298891
48955023
50581887
64055410
41712183
21519960
32079700
8540683
1390549
