0
21
31
41
32
42
43
6
110
210
310
410
121
211
131
311
141
411
151
161
171
181
191
201
211
221
212
231
312
241
412
251
261
271
281
291
301
311
321
213
331
313
341
413
351
361
371
381
391
401
411
421
214
431
314
441
414
451
461
471
481
491
215
315
415
216
316
416
217
317
417
218
318
418
219
319
419
220
320
420
221
321
421
232
322
242
422
252
262
272
282
292
302
312
322
332
323
342
423
352
362
372
382
392
402
412
422
432
324
442
424
452
462
472
482
492
325
425
326
426
327
427
328
428
329
429
330
430
331
431
332
432
343
433
353
363
373
383
393
403
413
423
433
443
434
453
463
473
483
493
435
436
437
438
439
440
441
442
443
454
464
474
484
494
156
1121
1211
2111
1131
1311
1141
1411
1151
1511
1161
1611
1171
1711
1181
1811
1191
1911
1201
2011
1211
2111
1221
2211
2112
1231
1241
1251
1261
1271
1281
1291
1301
1311
1321
2113
1331
1341
1351
1361
1371
1381
1391
1401
1411
1421
2114
1431
1441
1451
1461
1471
1481
1491
1501
1511
1521
2115
1531
1541
1551
1561
1571
1581
1591
1601
1611
1621
2116
1631
1641
1651
1661
1671
1681
1691
1701
1711
1721
2117
1731
1741
1751
1761
1771
1781
1791
1801
1811
1821
2118
1831
1841
1851
1861
1871
1881
1891
1901
1911
1921
2119
1931
1941
1951
1961
1971
1981
1991
2001
2011
2021
2120
2031
2041
2051
2061
2071
2081
2091
2101
2111
2121
2131
1312
2141
1412
2151
1512
2161
1612
2171
1712
2181
1812
2191
1912
2201
2012
2211
2112
2221
2212
2122
2123
2124
2125
2126
2127
2128
2129
2130
2131
1413
1513
1613
1713
1813
1913
2013
2113
2213
2132
2133
2134
2135
2136
2137
2138
2139
2140
2141
1514
1614
1714
1814
1914
2014
2114
2214
2142
2143
2144
2145
2146
2147
2148
2149
2150
2151
1615
1715
1815
1915
2015
2115
2215
2152
2153
2154
2155
2156
2157
2158
2159
2160
2161
1716
1816
1916
2016
2116
2216
2162
2163
2164
2165
2166
2167
2168
2169
2170
2171
1817
1917
2017
2117
2217
2172
2173
2174
2175
2176
2177
2178
2179
2180
2181
1918
2018
2118
2218
2182
2183
2184
2185
2186
2187
2188
2189
2190
2191
2019
2119
2219
2192
2193
2194
2195
2196
2197
2198
2199
2200
2201
2120
2220
2202
2203
2204
2205
2206
2207
2208
2209
2210
2211
2221
2212
2213
2214
2215
2216
2217
2218
2219
2220
2221
287
