0
21
31
32
43
31
41
42
41
8
101
202
303
404
120
140
160
180
111
121
222
121
222
242
131
323
262
141
424
282
151
302
161
322
171
342
181
362
191
382
201
303
212
141
424
222
242
444
232
343
464
242
444
484
252
262
272
282
292
302
313
161
323
262
333
363
343
464
353
363
373
383
393
403
414
181
424
282
434
383
444
484
454
464
474
484
494
201
302
403
170
190
221
232
322
252
423
272
292
312
332
352
372
392
313
241
434
342
454
443
474
494
261
362
463
281
382
483
202
303
404
222
242
323
262
424
282
302
322
342
362
382
303
323
222
242
444
232
343
464
242
444
484
252
262
272
282
292
302
312
323
262
333
363
343
464
353
363
373
383
393
403
413
424
282
434
383
444
484
454
464
474
484
494
302
403
322
423
272
292
312
332
352
372
392
313
333
342
454
443
474
494
362
463
382
483
303
404
323
424
322
342
362
382
323
343
343
464
444
484
333
363
343
464
353
363
373
383
393
403
413
423
434
383
444
484
454
464
474
484
494
403
423
372
392
443
474
494
463
483
404
424
444
484
464
444
484
454
464
474
484
494
494
243
1121
1221
2222
1131
1321
1141
1421
1151
1521
1161
1621
1171
1721
1181
1821
1191
1921
1201
2022
1211
2122
1241
1221
2222
1231
1241
1251
1261
1271
1281
1291
1301
1311
1261
1321
1331
1341
1351
1361
1371
1381
1391
1401
1411
1281
1421
1431
1441
1451
1461
1471
1481
1491
1501
1511
1301
1521
1531
1541
1551
1561
1571
1581
1591
1601
1611
1321
1621
1631
1641
1651
1661
1671
1681
1691
1701
1711
1341
1721
1731
1741
1751
1761
1771
1781
1791
1801
1811
1361
1821
1831
1841
1851
1861
1871
1881
1891
1901
1911
1381
1921
1931
1941
1951
1961
1971
1981
1991
2001
2012
1401
2022
2032
2042
2052
2062
2072
2082
2092
2102
2112
1421
2122
1241
2132
1341
2142
1441
2152
1541
2162
1641
2172
1741
2182
1841
2192
1941
2202
2042
2212
2142
1441
2222
1461
1481
1501
1521
1541
1561
1581
1601
1621
1361
1461
1561
1661
1761
1861
1961
2062
2162
1641
1661
1681
1701
1721
1741
1761
1781
1801
1821
1481
1581
1681
1781
1881
1981
2082
2182
1841
1861
1881
1901
1921
1941
1961
1981
2002
2022
1601
1701
1801
1901
2001
2102
2202
2042
2062
2082
2102
2122
2142
1581
1621
2162
1641
1661
1681
1701
1721
1741
1761
1781
1701
1821
2182
1841
1861
1881
1901
1921
1941
1961
1981
1901
2202
2042
2062
2082
2102
2122
2142
2162
2182
2102
2222
2222
1621
1721
1821
1921
2021
2122
2222
1741
1841
1941
2041
2142
1861
1961
2061
2162
1981
2081
2182
2002
2022
2102
2202
2042
2062
2082
2102
2122
2142
2162
2182
2202
2122
2142
2162
2182
2202
2222
2222
2122
2222
2222
280
